1
1
6
0
(24 0
((0,0,0) (3,3,3) (0,0,0))
((20,0,0) (23,3,3) (0,0,0))
((16,0,0) (19,3,3) (0,0,0))
((12,0,0) (15,3,3) (0,0,0))
((8,0,0) (11,3,3) (0,0,0))
((4,0,0) (7,3,3) (0,0,0))
((0,4,0) (3,7,3) (0,0,0))
((20,4,0) (23,7,3) (0,0,0))
((16,4,0) (19,7,3) (0,0,0))
((12,4,0) (15,7,3) (0,0,0))
((8,4,0) (11,7,3) (0,0,0))
((4,4,0) (7,7,3) (0,0,0))
((0,0,4) (3,3,7) (0,0,0))
((20,0,4) (23,3,7) (0,0,0))
((16,0,4) (19,3,7) (0,0,0))
((12,0,4) (15,3,7) (0,0,0))
((8,0,4) (11,3,7) (0,0,0))
((4,0,4) (7,3,7) (0,0,0))
((0,4,4) (3,7,7) (0,0,0))
((20,4,4) (23,7,7) (0,0,0))
((16,4,4) (19,7,7) (0,0,0))
((12,4,4) (15,7,7) (0,0,0))
((8,4,4) (11,7,7) (0,0,0))
((4,4,4) (7,7,7) (0,0,0))
)
24
FabOnDisk: Cell_D_00000 0
FabOnDisk: Cell_D_00002 0
FabOnDisk: Cell_D_00002 3160
FabOnDisk: Cell_D_00001 0
FabOnDisk: Cell_D_00001 3160
FabOnDisk: Cell_D_00000 3158
FabOnDisk: Cell_D_00000 6316
FabOnDisk: Cell_D_00003 0
FabOnDisk: Cell_D_00003 3160
FabOnDisk: Cell_D_00001 6319
FabOnDisk: Cell_D_00001 9479
FabOnDisk: Cell_D_00000 9474
FabOnDisk: Cell_D_00000 12632
FabOnDisk: Cell_D_00003 6320
FabOnDisk: Cell_D_00003 9480
FabOnDisk: Cell_D_00002 6320
FabOnDisk: Cell_D_00002 9480
FabOnDisk: Cell_D_00000 15790
FabOnDisk: Cell_D_00001 12638
FabOnDisk: Cell_D_00003 12640
FabOnDisk: Cell_D_00003 15800
FabOnDisk: Cell_D_00002 12639
FabOnDisk: Cell_D_00002 15799
FabOnDisk: Cell_D_00001 15796

24,6
-1.2105143723280913e-04,-3.2391273048857821e-03,5.5831009865178782e-04,-3.0276214268125206e-16,1.2528315299649165e-09,4.5077843753301355e-04,
-1.2112849189156070e-04,-3.8006336154288770e-03,5.5829737575059820e-04,-3.3676142013078447e-16,1.7902946800880956e-09,4.5075915890193248e-04,
-1.2203104907376129e-04,-3.8875431237618916e-03,5.5829465009365965e-04,-2.9705127273859846e-16,-6.4345812330712668e-10,-2.8337627824248526e-04,
-1.2254936879439458e-04,-3.6977309862252609e-03,5.5829737806198344e-04,-4.0715158076485560e-16,-2.4336807757644295e-09,-7.3413548772556405e-04,
-1.2253891077830284e-04,-3.0715374989365371e-03,5.5831010079973966e-04,-4.1482442329313599e-16,-2.5222250537540715e-09,-7.3413234060842609e-04,
-1.2195096155947910e-04,-2.6777257567985732e-03,5.5832102691479632e-04,-3.6471176560945169e-16,-1.2698711252522130e-09,-2.8335393607719305e-04,
-1.2105144406747263e-04,-3.2391273048169296e-03,5.5831009832234084e-04,-9.6241405931167059e-16,1.2528316557076776e-09,4.5077843753276294e-04,
-1.2112848821040043e-04,-3.8006336159645219e-03,5.5829737548787801e-04,-7.7196385090709284e-16,1.7902932735599322e-09,4.5075915890229796e-04,
-1.2203104856831468e-04,-3.8875431226171480e-03,5.5829464943525653e-04,-8.1815375713237998e-16,-6.4345905167862685e-10,-2.8337627824245155e-04,
-1.2254936073459872e-04,-3.6977309852069050e-03,5.5829737708042117e-04,-7.7509930353278748e-16,-2.4336818957446078e-09,-7.3413548772501220e-04,
-1.2253889791948030e-04,-3.0715375009354785e-03,5.5831009907764378e-04,-9.3327062449308426e-16,-2.5222258721536056e-09,-7.3413234060730719e-04,
-1.2195096461824933e-04,-2.6777257566027277e-03,5.5832102652833386e-04,-7.7829121576467655e-16,-1.2698714960551262e-09,-2.8335393607713499e-04,
-1.2105144415898070e-04,-3.2391273053978395e-03,5.5831009988035324e-04,-3.2832748874434122e-16,1.2528311337822045e-09,4.5077843753278267e-04,
-1.2112848856351569e-04,-3.8006336159775254e-03,5.5829737676168134e-04,-3.4425035292732197e-16,1.7902932598660928e-09,4.5075915890277512e-04,
-1.2203104863413224e-04,-3.8875431240462618e-03,5.5829465048945416e-04,-3.4973678092926762e-16,-6.4345833001940056e-10,-2.8337627824269961e-04,
-1.2254936113144686e-04,-3.6977309867802610e-03,5.5829737960431404e-04,-5.5835251271366468e-16,-2.4336800167653498e-09,-7.3413548772483439e-04,
-1.2253889613514704e-04,-3.0715375007984219e-03,5.5831009923437984e-04,-6.8374492152031664e-16,-2.5222258960451612e-09,-7.3413234060828504e-04,
-1.2195096437380605e-04,-2.6777257575006396e-03,5.5832102711705044e-04,-5.4743688970781188e-16,-1.2698709682701319e-09,-2.8335393607752449e-04,
-1.2105145121295607e-04,-3.2391273039150282e-03,5.5831010031470903e-04,-1.0863615483501087e-15,1.2528306417019870e-09,4.5077843753279340e-04,
-1.2112848689205701e-04,-3.8006336147113598e-03,5.5829737760643649e-04,-8.6822030873100076e-16,1.7902929347241758e-09,4.5075915890264377e-04,
-1.2203103809633430e-04,-3.8875431231144542e-03,5.5829465159998510e-04,-1.0536345631737287e-15,-6.4346017228936276e-10,-2.8337627824200925e-04,
-1.2254936388046068e-04,-3.6977309854883452e-03,5.5829737965229606e-04,-7.5560692984015186e-16,-2.4336801848365885e-09,-7.3413548772524931e-04,
-1.2253888979196623e-04,-3.0715374981354657e-03,5.5831010239852988e-04,-1.1162801963563566e-15,-2.5222270900130425e-09,-7.3413234060659151e-04,
-1.2195097601331219e-04,-2.6777257564104540e-03,5.5832102761992780e-04,-9.0263596201128129e-16,-1.2698715173187332e-09,-2.8335393607785392e-04,

24,6
-1.2073550767718432e-04,-2.7807327551714451e-03,5.5831925864967421e-04,8.2849603879697368e-16,2.4341309177549575e-09,7.3413549078944046e-04,
-1.2074869403997359e-04,-3.4069261268819314e-03,5.5830653286105981e-04,8.9147671778357463e-16,2.5225280585475329e-09,7.3413231307682149e-04,
-1.2133919013472875e-04,-3.8007380737042733e-03,5.5829560982016539e-04,8.3291014160339828e-16,1.2693947426918557e-09,2.8335390323689134e-04,
-1.2222983968968111e-04,-3.2393362810982777e-03,5.5830654009485301e-04,9.5780744673641730e-16,-1.2526551101701639e-09,-4.5077837716277154e-04,
-1.2216297703241367e-04,-2.6778302516375281e-03,5.5831926053569137e-04,1.1167123851793861e-15,-1.7906690414093756e-09,-4.5075921271660156e-04,
-1.2125168294668629e-04,-2.5909208130342315e-03,5.5832198880896361e-04,1.0789550751456933e-15,6.4338616797953814e-10,2.8337632899025383e-04,
-1.2073550231254265e-04,-2.7807327574533537e-03,5.5831925912102243e-04,6.4010086746612447e-16,2.4341301853244265e-09,7.3413549079001715e-04,
-1.2074869600067115e-04,-3.4069261282481753e-03,5.5830653446341228e-04,6.5862251318169216e-16,2.5225280093203408e-09,7.3413231307686779e-04,
-1.2133919846193907e-04,-3.8007380768806682e-03,5.5829560772824728e-04,4.7497783225662702e-16,1.2693945487890978e-09,2.8335390323635829e-04,
-1.2222984254843286e-04,-3.2393362873944986e-03,5.5830653641932319e-04,7.7455929789454645e-16,-1.2526550480167654e-09,-4.5077837716293016e-04,
-1.2216297696366271e-04,-2.6778302529993007e-03,5.5831926048872872e-04,7.2917017163389388e-16,-1.7906697550351699e-09,-4.5075921271668700e-04,
-1.2125167841607882e-04,-2.5909208116202662e-03,5.5832198955700347e-04,7.0925209298841776e-16,6.4338488979992225e-10,2.8337632899054710e-04,
-1.2073550249162246e-04,-2.7807327543099658e-03,5.5831925686692968e-04,6.8052116696422850e-16,2.4341301891216591e-09,7.3413549079019366e-04,
-1.2074869761672794e-04,-3.4069261251036035e-03,5.5830653184867594e-04,7.5953557012831495e-16,2.5225263583665204e-09,7.3413231307702391e-04,
-1.2133919902609243e-04,-3.8007380755931824e-03,5.5829560753685730e-04,7.1339346754076647e-16,1.2693929545453116e-09,2.8335390323698788e-04,
-1.2222984391779845e-04,-3.2393362851438536e-03,5.5830653480445458e-04,6.6882371884943198e-16,-1.2526558165829505e-09,-4.5077837716247349e-04,
-1.2216297606976054e-04,-2.6778302514918919e-03,5.5831926012877306e-04,9.0290728101050066e-16,-1.7906690658830391e-09,-4.5075921271615969e-04,
-1.2125168014557815e-04,-2.5909208090723174e-03,5.5832198733880010e-04,9.5881505566704024e-16,6.4338589715807658e-10,2.8337632899091308e-04,
-1.2073549745970548e-04,-2.7807327562005281e-03,5.5831925765600172e-04,6.4986702038038339e-16,2.4341292105446006e-09,7.3413549079111534e-04,
-1.2074870657169192e-04,-3.4069261281645209e-03,5.5830653149782400e-04,6.1434654987538950e-16,2.5225264811371910e-09,7.3413231307695767e-04,
-1.2133920291367879e-04,-3.8007380753907485e-03,5.5829560891466846e-04,4.7090581366185027e-16,1.2693924463167513e-09,2.8335390323663926e-04,
-1.2222986075655491e-04,-3.2393362912992731e-03,5.5830653048445059e-04,7.7390855527998375e-16,-1.2526551389091458e-09,-4.5077837716341052e-04,
-1.2216296610830432e-04,-2.6778302523935084e-03,5.5831926073445751e-04,6.0477429381681818e-16,-1.7906705604315203e-09,-4.5075921271463737e-04,
-1.2125167233834080e-04,-2.5909208154314902e-03,5.5832198602832363e-04,7.8050158951772562e-16,6.4338565163418013e-10,2.8337632899075625e-04,

