1
1
6
0
(24 0
((0,0,0) (3,3,3) (0,0,0))
((20,0,0) (23,3,3) (0,0,0))
((16,0,0) (19,3,3) (0,0,0))
((12,0,0) (15,3,3) (0,0,0))
((8,0,0) (11,3,3) (0,0,0))
((4,0,0) (7,3,3) (0,0,0))
((0,4,0) (3,7,3) (0,0,0))
((20,4,0) (23,7,3) (0,0,0))
((16,4,0) (19,7,3) (0,0,0))
((12,4,0) (15,7,3) (0,0,0))
((8,4,0) (11,7,3) (0,0,0))
((4,4,0) (7,7,3) (0,0,0))
((0,0,4) (3,3,7) (0,0,0))
((20,0,4) (23,3,7) (0,0,0))
((16,0,4) (19,3,7) (0,0,0))
((12,0,4) (15,3,7) (0,0,0))
((8,0,4) (11,3,7) (0,0,0))
((4,0,4) (7,3,7) (0,0,0))
((0,4,4) (3,7,7) (0,0,0))
((20,4,4) (23,7,7) (0,0,0))
((16,4,4) (19,7,7) (0,0,0))
((12,4,4) (15,7,7) (0,0,0))
((8,4,4) (11,7,7) (0,0,0))
((4,4,4) (7,7,7) (0,0,0))
)
24
FabOnDisk: Cell_D_00000 0
FabOnDisk: Cell_D_00002 0
FabOnDisk: Cell_D_00002 3160
FabOnDisk: Cell_D_00001 0
FabOnDisk: Cell_D_00001 3160
FabOnDisk: Cell_D_00000 3158
FabOnDisk: Cell_D_00000 6316
FabOnDisk: Cell_D_00003 0
FabOnDisk: Cell_D_00003 3160
FabOnDisk: Cell_D_00001 6319
FabOnDisk: Cell_D_00001 9479
FabOnDisk: Cell_D_00000 9474
FabOnDisk: Cell_D_00000 12632
FabOnDisk: Cell_D_00003 6320
FabOnDisk: Cell_D_00003 9480
FabOnDisk: Cell_D_00002 6320
FabOnDisk: Cell_D_00002 9480
FabOnDisk: Cell_D_00000 15790
FabOnDisk: Cell_D_00001 12638
FabOnDisk: Cell_D_00003 12640
FabOnDisk: Cell_D_00003 15800
FabOnDisk: Cell_D_00002 12639
FabOnDisk: Cell_D_00002 15799
FabOnDisk: Cell_D_00001 15796

24,6
-2.1669633017750160e-04,-5.7650072708927457e-03,9.9370857115942905e-04,-6.1581199337139658e-15,-5.9791844469861807e-07,-1.2473327997741736e-04,
-2.1319634001089744e-04,-6.1361163851853398e-03,9.8861790272267223e-04,-4.0841003457283633e-15,1.0152702601939811e-06,-1.2437510544734630e-04,
-2.1796450446581912e-04,-6.1915025980219919e-03,9.8836831888430166e-04,-4.0618697183901912e-15,-5.6611457950064748e-06,-4.8687475280674033e-05,
-2.1993734932700666e-04,-6.0683208107774212e-03,9.9323149348471101e-04,-3.9129795501022104e-15,-9.0068669523712201e-08,7.7294968625639951e-05,
-2.1989987933132994e-04,-5.6499824266912895e-03,9.9338124510620442e-04,-6.3560083945705276e-15,-9.3075148021857962e-08,7.6818355326491465e-05,
-2.1759041321159090e-04,-5.3917538519510358e-03,9.9361231907514787e-04,-5.3143407889903797e-15,-5.6603551471724933e-06,-5.4141950574668698e-05,
-2.1669632850506956e-04,-5.7650072701653484e-03,9.9370857101467223e-04,-2.0165222888638004e-14,-5.9791844190037094e-07,-1.2473327996983738e-04,
-2.1319633625135965e-04,-6.1361163852801642e-03,9.8861790230918246e-04,-1.8453194279382002e-14,1.0152702624179207e-06,-1.2437510542893406e-04,
-2.1796450433912915e-04,-6.1915025976173781e-03,9.8836831863961393e-04,-1.7337265315897070e-14,-5.6611457936466498e-06,-4.8687475273842502e-05,
-2.1993734221011880e-04,-6.0683208111307722e-03,9.9323149251166363e-04,-1.6791750239171713e-14,-9.0068674115060432e-08,7.7294968619951509e-05,
-2.1989986575818697e-04,-5.6499824277292075e-03,9.9338124355595947e-04,-2.1324650635927625e-14,-9.3075144829188581e-08,7.6818355305467416e-05,
-2.1759041571430007e-04,-5.3917538518851466e-03,9.9361231946191314e-04,-2.0113550376939356e-14,-5.6603551513458932e-06,-5.4141950573281807e-05,
-2.1669632892694520e-04,-5.7650072713087107e-03,9.9370857262032924e-04,-1.3591146174237067e-14,-5.9791843941833665e-07,-1.2473327997502095e-04,
-2.1319633650136369e-04,-6.1361163858682953e-03,9.8861790362046839e-04,-1.1375636592240855e-14,1.0152702596386462e-06,-1.2437510544426660e-04,
-2.1796450440152569e-04,-6.1915025982514412e-03,9.8836831942881683e-04,-1.0278889523290889e-14,-5.6611457961637514e-06,-4.8687475278711030e-05,
-2.1993734272675330e-04,-6.0683208113324096e-03,9.9323149326257880e-04,-9.7095421852997340e-15,-9.0068681930637910e-08,7.7294968622150487e-05,
-2.1989986419725693e-04,-5.6499824280056513e-03,9.9338124384925437e-04,-1.4109068985881073e-14,-9.3075138818136341e-08,7.6818355311983552e-05,
-2.1759041516562004e-04,-5.3917538527100848e-03,9.9361231696376367e-04,-1.4073914266028872e-14,-5.6603551486245923e-06,-5.4141950569098453e-05,
-2.1669632789456190e-04,-5.7650072697881033e-03,9.9370857285585698e-04,-2.6049166256555614e-14,-5.9791843855186409e-07,-1.2473327996845163e-04,
-2.1319633476271044e-04,-6.1361163854699273e-03,9.8861790398956529e-04,-2.4309850467613020e-14,1.0152702616583626e-06,-1.2437510542991569e-04,
-2.1796449413723353e-04,-6.1915025971626195e-03,9.8836832013061179e-04,-2.1469386965553122e-14,-5.6611457888953168e-06,-4.8687475266628126e-05,
-2.1993734476799678e-04,-6.0683208115526795e-03,9.9323149287075746e-04,-2.4359499701184050e-14,-9.0068682835599348e-08,7.7294968616991488e-05,
-2.1989985841503669e-04,-5.6499824264824357e-03,9.9338124566546756e-04,-2.4698750672675990e-14,-9.3075140734368946e-08,7.6818355303610489e-05,
-2.1759042461155906e-04,-5.3917538526172433e-03,9.9361231830806160e-04,-2.9413752376336057e-14,-5.6603551529086021e-06,-5.4141950572628981e-05,

24,6
-2.1373568808334177e-04,-5.4609985794739210e-03,9.9808637730216827e-04,2.4449261794443484e-14,5.1801521257566595e-06,-7.7839593718933634e-05,
-2.1018311434779620e-04,-5.8763746432901410e-03,9.9299276356663510e-04,2.3846722546192145e-14,5.1783786170792959e-06,-7.1966322741327799e-05,
-2.1334751617626329e-04,-6.1372770193865167e-03,9.9310383314240420e-04,2.2075375506910976e-14,-3.7819304336708534e-07,4.8402475200296818e-05,
-2.1871572252861416e-04,-5.7619333654832508e-03,9.9334105235291802e-04,2.5472347328076952e-14,-6.7058547694265860e-08,1.2555537795685281e-04,
-2.1842946566704092e-04,-5.3878800471958465e-03,9.9348692236311234e-04,2.3290183465142202e-14,-6.6162342782092364e-08,1.2547337124584697e-04,
-2.1531251499607348e-04,-5.3317126620975163e-03,9.9834302861602541e-04,2.6909626246686117e-14,-6.8440620148571983e-08,4.8136377502999246e-05,
-2.1373568341737713e-04,-5.4609985806837388e-03,9.9808637790823837e-04,1.2864069685336852e-14,5.1801521277163888e-06,-7.7839593710718851e-05,
-2.1018311609903828e-04,-5.8763746433851110e-03,9.9299276508771957e-04,1.0783947195543487e-14,5.1783786125330389e-06,-7.1966322730391627e-05,
-2.1334752407227347e-04,-6.1372770211975533e-03,9.9310383068492141e-04,1.0815722584987453e-14,-3.7819304483754994e-07,4.8402475201020964e-05,
-2.1871572525224359e-04,-5.7619333698606268e-03,9.9334104880334094e-04,1.1773923540640387e-14,-6.7058541248316994e-08,1.2555537794033600e-04,
-2.1842946603572506e-04,-5.3878800475035890e-03,9.9348692164695409e-04,1.6100850306456527e-14,-6.6162343651473627e-08,1.2547337123449925e-04,
-2.1531251104068392e-04,-5.3317126595332056e-03,9.9834302694293167e-04,1.4350548861362662e-14,-6.8440615922215661e-08,4.8136377493824612e-05,
-2.1373568363441134e-04,-5.4609985789643234e-03,9.9808637694107690e-04,1.3504871463713059e-14,5.1801521280612116e-06,-7.7839593717853457e-05,
-2.1018311583879921e-04,-5.8763746416327090e-03,9.9299276365585171e-04,1.2580975883959043e-14,5.1783786055528106e-06,-7.1966322740642298e-05,
-2.1334752450875274e-04,-6.1372770215464625e-03,9.9310383185364300e-04,1.0293268830517346e-14,-3.7819304831469806e-07,4.8402475205305758e-05,
-2.1871572632304562e-04,-5.7619333693991115e-03,9.9334104873394788e-04,1.4407231433838010e-14,-6.7058545702615996e-08,1.2555537796028719e-04,
-2.1842946570625225e-04,-5.3878800475921510e-03,9.9348692256308671e-04,1.3625322083732908e-14,-6.6162341277467162e-08,1.2547337124818781e-04,
-2.1531251262366999e-04,-5.3317126583938730e-03,9.9834302675908134e-04,1.5007585741075489e-14,-6.8440609922226333e-08,4.8136377503073737e-05,
-2.1373567872210613e-04,-5.4609985793504026e-03,9.9808637674900311e-04,3.2195348911198827e-15,5.1801521317991740e-06,-7.7839593709577769e-05,
-2.1018311688485123e-04,-5.8763746432551681e-03,9.9299276339468779e-04,1.8364868837272602e-16,5.1783785964545282e-06,-7.1966322727097333e-05,
-2.1334752746626391e-04,-6.1372770198644825e-03,9.9310383304513868e-04,7.5109835963324990e-16,-3.7819305174773647e-07,4.8402475205329698e-05,
-2.1871574213758204e-04,-5.7619333731768578e-03,9.9334104543051071e-04,-5.3511696167013259e-17,-6.7058542000049179e-08,1.2555537794135211e-04,
-2.1842945711793627e-04,-5.3878800468729372e-03,9.9348692319947501e-04,6.0287357608698069e-15,-6.6162349263343208e-08,1.2547337123562606e-04,
-2.1531250566037845e-04,-5.3317126627346403e-03,9.9834302725687195e-04,2.6404570087182277e-15,-6.8440598744232709e-08,4.8136377501548096e-05,

