1
1
6
0
(24 0
((0,0,0) (3,3,3) (0,0,0))
((20,0,0) (23,3,3) (0,0,0))
((16,0,0) (19,3,3) (0,0,0))
((12,0,0) (15,3,3) (0,0,0))
((8,0,0) (11,3,3) (0,0,0))
((4,0,0) (7,3,3) (0,0,0))
((0,4,0) (3,7,3) (0,0,0))
((20,4,0) (23,7,3) (0,0,0))
((16,4,0) (19,7,3) (0,0,0))
((12,4,0) (15,7,3) (0,0,0))
((8,4,0) (11,7,3) (0,0,0))
((4,4,0) (7,7,3) (0,0,0))
((0,0,4) (3,3,7) (0,0,0))
((20,0,4) (23,3,7) (0,0,0))
((16,0,4) (19,3,7) (0,0,0))
((12,0,4) (15,3,7) (0,0,0))
((8,0,4) (11,3,7) (0,0,0))
((4,0,4) (7,3,7) (0,0,0))
((0,4,4) (3,7,7) (0,0,0))
((20,4,4) (23,7,7) (0,0,0))
((16,4,4) (19,7,7) (0,0,0))
((12,4,4) (15,7,7) (0,0,0))
((8,4,4) (11,7,7) (0,0,0))
((4,4,4) (7,7,7) (0,0,0))
)
24
FabOnDisk: Cell_D_00000 0
FabOnDisk: Cell_D_00002 0
FabOnDisk: Cell_D_00002 3160
FabOnDisk: Cell_D_00001 0
FabOnDisk: Cell_D_00001 3160
FabOnDisk: Cell_D_00000 3158
FabOnDisk: Cell_D_00000 6316
FabOnDisk: Cell_D_00003 0
FabOnDisk: Cell_D_00003 3160
FabOnDisk: Cell_D_00001 6319
FabOnDisk: Cell_D_00001 9479
FabOnDisk: Cell_D_00000 9474
FabOnDisk: Cell_D_00000 12632
FabOnDisk: Cell_D_00003 6320
FabOnDisk: Cell_D_00003 9480
FabOnDisk: Cell_D_00002 6320
FabOnDisk: Cell_D_00002 9480
FabOnDisk: Cell_D_00000 15790
FabOnDisk: Cell_D_00001 12638
FabOnDisk: Cell_D_00003 12640
FabOnDisk: Cell_D_00003 15800
FabOnDisk: Cell_D_00002 12639
FabOnDisk: Cell_D_00002 15799
FabOnDisk: Cell_D_00001 15796

24,6
-8.3539047536434615e-05,-2.2317594664501396e-03,3.8466437818945865e-04,-7.7457322692109171e-17,2.4924913321930329e-10,5.3552608284313083e-04,
-8.3559513252106401e-05,-2.6443971967168448e-03,3.8466033180295327e-04,-8.3070258157175087e-17,3.6809895957895723e-10,5.3552807647827669e-04,
-8.3984560123704052e-05,-2.7082365811079197e-03,3.8465945899213958e-04,-7.2752455016870235e-17,-1.2482996861238001e-10,-3.3664522328319044e-04,
-8.4235707000995097e-05,-2.5686893639533213e-03,3.8466032032181074e-04,-1.0096279802673642e-16,-4.9292164725343177e-10,-8.7217330999697716e-04,
-8.4232837321875575e-05,-2.1084597462869984e-03,3.8466435949660116e-04,-1.2536515915765520e-16,-5.1248724418579122e-10,-8.7217364267370805e-04,
-8.3962819727909216e-05,-1.8191315257202244e-03,3.8466783708659757e-04,-8.5442881211588551e-17,-2.6328490985475530e-10,-3.3664756541813281e-04,
-8.3539054604173614e-05,-2.2317594664728623e-03,3.8466437784215215e-04,-2.1956549612406579e-16,2.4924914255138177e-10,5.3552608284301579e-04,
-8.3559509579278802e-05,-2.6443971973171437e-03,3.8466033154195301e-04,-1.5774511146974272e-16,3.6809875913238526e-10,5.3552807647835985e-04,
-8.3984559578574992e-05,-2.7082365800377090e-03,3.8465945792427552e-04,-1.9576793582257798e-16,-1.2483032877084409e-10,-3.3664522328327615e-04,
-8.4235698839648702e-05,-2.5686893630202344e-03,3.8466031933941320e-04,-2.0161059784587380e-16,-4.9292214246867092e-10,-8.7217330999678569e-04,
-8.4232824536362706e-05,-2.1084597483592418e-03,3.8466435775755958e-04,-2.1474342697209301e-16,-5.1248737199553200e-10,-8.7217364267326266e-04,
-8.3962822839657583e-05,-1.8191315255994850e-03,3.8466783748303723e-04,-2.0869796859792960e-16,-2.6328512881215183e-10,-3.3664756541807204e-04,
-8.3539054700773819e-05,-2.2317594669720568e-03,3.8466437938564476e-04,-6.6129328382784459e-17,2.4924901068430696e-10,5.3552608284308323e-04,
-8.3559509943121073e-05,-2.6443971972499253e-03,3.8466033282078530e-04,-9.6452437045193486e-17,3.6809848017074978e-10,5.3552807647851977e-04,
-8.3984559645708493e-05,-2.7082365813975596e-03,3.8465945897315698e-04,-7.2573665669932267e-17,-1.2483003575076370e-10,-3.3664522328326509e-04,
-8.4235699223770337e-05,-2.5686893645076609e-03,3.8466032183947677e-04,-1.9634009472163257e-16,-4.9292191361288846e-10,-8.7217330999670903e-04,
-8.4232822726164677e-05,-2.1084597481566530e-03,3.8466435790514536e-04,-1.6231824371258385e-16,-5.1248760325127395e-10,-8.7217364267359388e-04,
-8.3962822616317099e-05,-1.8191315264155616e-03,3.8466783699590476e-04,-1.5021088994821076e-16,-2.6328494260634119e-10,-3.3664756541821266e-04,
-8.3539061811504416e-05,-2.2317594655752448e-03,3.8466437982341502e-04,-2.3597212909878117e-16,2.4924886088398521e-10,5.3552608284297828e-04,
-8.3559508276950264e-05,-2.6443971960626563e-03,3.8466033366746784e-04,-1.7290536249858400e-16,3.6809837857322948e-10,5.3552807647861767e-04,
-8.3984549080553405e-05,-2.7082365805474237e-03,3.8465946009503339e-04,-2.4166476739395106e-16,-1.2483048431386096e-10,-3.3664522328317347e-04,
-8.4235702046890100e-05,-2.5686893632719515e-03,3.8466032192999654e-04,-1.9218137569294276e-16,-4.9292195198430392e-10,-8.7217330999683523e-04,
-8.4232816325489901e-05,-2.1084597455697240e-03,3.8466436107068702e-04,-2.5582385218548774e-16,-5.1248781390570058e-10,-8.7217364267293913e-04,
-8.3962834531823780e-05,-1.8191315254131601e-03,3.8466783756461098e-04,-1.8856588945895181e-16,-2.6328514197139054e-10,-3.3664756541836293e-04,

24,6
-8.3383714830688550e-05,-1.8948490061242767e-03,3.8466730735085461e-04,1.9518384833491793e-16,4.9296620051918315e-10,8.7217330970048451e-04,
-8.3387178707964245e-05,-2.3550785995614266e-03,3.8466326772737080e-04,2.2292345264828455e-16,5.1251707783283986e-10,8.7217363658523490e-04,
-8.3657712612205100e-05,-2.6444068713348499e-03,3.8465978902238658e-04,1.8405936070898267e-16,2.6323836018394827e-10,3.3664755984292005e-04,
-8.4079555855087916e-05,-2.2317788607230907e-03,3.8466325358616816e-04,2.4815826236436201e-16,-2.4923162102121429e-10,-5.3552607117989394e-04,
-8.4061318431880182e-05,-1.8191412202578862e-03,3.8466729712505459e-04,3.0853882437098321e-16,-3.6813518629467940e-10,-5.3552808643049065e-04,
-8.3634382992342639e-05,-1.7553018527547769e-03,3.8466817102947320e-04,2.7959740727760598e-16,1.2482326040583912e-10,3.3664523353122696e-04,
-8.3383709394295257e-05,-1.8948490085475011e-03,3.8466730785502852e-04,1.5582552553724329e-16,4.9296598392887949e-10,8.7217330970061765e-04,
-8.3387180709948477e-05,-2.3550786010883094e-03,3.8466326933783300e-04,1.6263751192751143e-16,5.1251704820069160e-10,8.7217363658521571e-04,
-8.3657720986097866e-05,-2.6444068746773555e-03,3.8465978955259142e-04,1.0904666443733631e-16,2.6323833004688446e-10,3.3664755984266390e-04,
-8.4079558728267340e-05,-2.2317788672430862e-03,3.8466324989829285e-04,2.1468366207228800e-16,-2.4923154796911614e-10,-5.3552607118017572e-04,
-8.4061318244513147e-05,-1.8191412217570656e-03,3.8466729712238631e-04,1.6922206223491199e-16,-3.6813518233567548e-10,-5.3552808643040500e-04,
-8.3634378395609042e-05,-1.7553018515441285e-03,3.8466816938710369e-04,1.7703375449389845e-16,1.2482285690922768e-10,3.3664523353140033e-04,
-8.3383709568049863e-05,-1.8948490052261029e-03,3.8466730547065528e-04,1.6204347350472602e-16,4.9296604434984159e-10,8.7217330970075372e-04,
-8.3387182350627822e-05,-2.3550785977720858e-03,3.8466326661067184e-04,1.9088718039949797e-16,5.1251673985719488e-10,8.7217363658533670e-04,
-8.3657721556423486e-05,-2.6444068731983207e-03,3.8465978735034137e-04,1.8956825945567543e-16,2.6323793759489021e-10,3.3664755984295198e-04,
-8.4079560127125582e-05,-2.2317788647825956e-03,3.8466324813170148e-04,1.6530836786114670e-16,-2.4923178287525607e-10,-5.3552607117974833e-04,
-8.4061317364317667e-05,-1.8191412200548314e-03,3.8466729664126190e-04,2.6108991333133957e-16,-3.6813519198549983e-10,-5.3552808643031686e-04,
-8.3634380144162980e-05,-1.7553018488200166e-03,3.8466816782160515e-04,2.2925634443154138e-16,1.2482322126746545e-10,3.3664523353139615e-04,
-8.3383704521841864e-05,-1.8948490073000630e-03,3.8466730624304990e-04,1.9272805212302710e-16,4.9296588940338357e-10,8.7217330970099441e-04,
-8.3387191510038818e-05,-2.3550786010078247e-03,3.8466326624798827e-04,1.9563563702467778e-16,5.1251680355046848e-10,8.7217363658523696e-04,
-8.3657725544180619e-05,-2.6444068731730774e-03,3.8465978814577486e-04,1.3629013323361413e-16,2.6323763029155656e-10,3.3664755984279081e-04,
-8.4079577071528386e-05,-2.2317788712077472e-03,3.8466324374412611e-04,2.3488351889400265e-16,-2.4923147104763542e-10,-5.3552607118030897e-04,
-8.4061307263249207e-05,-1.8191412211544208e-03,3.8466729724334641e-04,1.6421227870546488e-16,-3.6813549488719601e-10,-5.3552808642975025e-04,
-8.3634372245704997e-05,-1.7553018554178187e-03,3.8466816810959044e-04,2.5508886499005565e-16,1.2482307809216691e-10,3.3664523353138244e-04,

