1
1
6
0
(24 0
((0,0,0) (3,3,3) (0,0,0))
((20,0,0) (23,3,3) (0,0,0))
((16,0,0) (19,3,3) (0,0,0))
((12,0,0) (15,3,3) (0,0,0))
((8,0,0) (11,3,3) (0,0,0))
((4,0,0) (7,3,3) (0,0,0))
((0,4,0) (3,7,3) (0,0,0))
((20,4,0) (23,7,3) (0,0,0))
((16,4,0) (19,7,3) (0,0,0))
((12,4,0) (15,7,3) (0,0,0))
((8,4,0) (11,7,3) (0,0,0))
((4,4,0) (7,7,3) (0,0,0))
((0,0,4) (3,3,7) (0,0,0))
((20,0,4) (23,3,7) (0,0,0))
((16,0,4) (19,3,7) (0,0,0))
((12,0,4) (15,3,7) (0,0,0))
((8,0,4) (11,3,7) (0,0,0))
((4,0,4) (7,3,7) (0,0,0))
((0,4,4) (3,7,7) (0,0,0))
((20,4,4) (23,7,7) (0,0,0))
((16,4,4) (19,7,7) (0,0,0))
((12,4,4) (15,7,7) (0,0,0))
((8,4,4) (11,7,7) (0,0,0))
((4,4,4) (7,7,7) (0,0,0))
)
24
FabOnDisk: Cell_D_00000 0
FabOnDisk: Cell_D_00000 3158
FabOnDisk: Cell_D_00000 6318
FabOnDisk: Cell_D_00000 9478
FabOnDisk: Cell_D_00000 12638
FabOnDisk: Cell_D_00000 15797
FabOnDisk: Cell_D_00000 18955
FabOnDisk: Cell_D_00000 22113
FabOnDisk: Cell_D_00000 25273
FabOnDisk: Cell_D_00000 28433
FabOnDisk: Cell_D_00000 31593
FabOnDisk: Cell_D_00000 34752
FabOnDisk: Cell_D_00000 37910
FabOnDisk: Cell_D_00000 41068
FabOnDisk: Cell_D_00000 44228
FabOnDisk: Cell_D_00000 47388
FabOnDisk: Cell_D_00000 50548
FabOnDisk: Cell_D_00000 53707
FabOnDisk: Cell_D_00000 56865
FabOnDisk: Cell_D_00000 60023
FabOnDisk: Cell_D_00000 63183
FabOnDisk: Cell_D_00000 66343
FabOnDisk: Cell_D_00000 69503
FabOnDisk: Cell_D_00000 72662

24,6
-2.1088234658599175e-04,-5.6227954142900882e-03,9.6767597759196602e-04,-6.5462298248339816e-16,-4.2479775253548744e-07,-2.0543732844358821e-04,
-2.0790382998059687e-04,-5.7999492607199200e-03,9.6517202473852940e-04,-3.3386084794855924e-16,1.4405260799873802e-06,-2.0611494794252864e-04,
-2.1268629768128646e-04,-5.8215684757032329e-03,9.6448664069076831e-04,-1.9703507575908943e-16,-5.1430618444846443e-06,-7.9965302914788790e-05,
-2.1480256282799704e-04,-5.7641345696881020e-03,9.6848376970617902e-04,-1.3369388353451740e-15,-4.6826658994542738e-07,1.2775807015253187e-04,
-2.1476993835728089e-04,-5.5661360009337463e-03,9.6880870986855937e-04,-2.1654726087423340e-15,-1.3516862571933037e-07,1.2698148594199242e-04,
-2.1233053960141376e-04,-5.4435676888998598e-03,9.6830431167571802e-04,-2.8675589960360802e-15,-5.1385998167346219e-06,-8.2377503355908035e-05,
-2.1088234698307025e-04,-5.6227954138248892e-03,9.6767597830154175e-04,-3.4972578487486824e-15,-4.2479775059573138e-07,-2.0543732844083195e-04,
-2.0790382845062652e-04,-5.7999492609423836e-03,9.6517202479409520e-04,-2.9531988221624245e-15,1.4405260771112396e-06,-2.0611494794096341e-04,
-2.1268629313549915e-04,-5.8215684761723542e-03,9.6448664013282443e-04,-4.0258137603910209e-15,-5.1430618458672553e-06,-7.9965302911259143e-05,
-2.1480256319650508e-04,-5.7641345708763000e-03,9.6848376930312133e-04,-4.7199246190767294e-15,-4.6826658646474046e-07,1.2775807014363808e-04,
-2.1476991672359327e-04,-5.5661359979224771e-03,9.6880871241969728e-04,-6.6054157275830571e-15,-1.3516862738133797e-07,1.2698148593495376e-04,
-2.1233054838578505e-04,-5.4435676887525488e-03,9.6830431284991309e-04,-3.1792596165447162e-15,-5.1385998152561962e-06,-8.2377503355565576e-05,
-2.1088234705797976e-04,-5.6227954138298973e-03,9.6767597829499534e-04,-4.4343504707087804e-15,-4.2479775284545158e-07,-2.0543732844530580e-04,
-2.0790382829291614e-04,-5.7999492603188598e-03,9.6517202468037659e-04,-3.4113783900527067e-15,1.4405260708468118e-06,-2.0611494794497623e-04,
-2.1268629257055322e-04,-5.8215684760549958e-03,9.6448664026260776e-04,-5.1175457294260994e-15,-5.1430618455302701e-06,-7.9965302913705130e-05,
-2.1480256397216464e-04,-5.7641345697492796e-03,9.6848376847064911e-04,-5.0434378220797365e-15,-4.6826658271762922e-07,1.2775807014860717e-04,
-2.1476991554071647e-04,-5.5661359981384164e-03,9.6880871265911839e-04,-6.0982267976313326e-15,-1.3516863545117169e-07,1.2698148592922039e-04,
-2.1233054877989630e-04,-5.4435676881846619e-03,9.6830431227512017e-04,-5.4576477160807736e-15,-5.1385998139750911e-06,-8.2377503354444999e-05,
-2.1088234660358358e-04,-5.6227954135730125e-03,9.6767597838618661e-04,-7.5924833230660752e-15,-4.2479775714749952e-07,-2.0543732844409700e-04,
-2.0790382964500431e-04,-5.7999492610896789e-03,9.6517202483291235e-04,-6.3484253140591009e-15,1.4405260716540103e-06,-2.0611494794225128e-04,
-2.1268628564468950e-04,-5.8215684755428499e-03,9.6448664082094174e-04,-4.7901183995690620e-15,-5.1430618459431919e-06,-7.9965302913056235e-05,
-2.1480256412431914e-04,-5.7641345703423209e-03,9.6848376908700807e-04,-1.0796287779540892e-14,-4.6826657883359167e-07,1.2775807014378683e-04,
-2.1476990930068568e-04,-5.5661359981021320e-03,9.6880871263157011e-04,-8.9540878636607389e-15,-1.3516863873338118e-07,1.2698148593700035e-04,
-2.1233054796544287e-04,-5.4435676889081153e-03,9.6830431204136152e-04,-1.0778085010578939e-14,-5.1385998192945452e-06,-8.2377503359841846e-05,

24,6
-2.0801502897076264e-04,-5.4759335137897821e-03,9.7236304666905432e-04,4.6821459384641230e-15,5.2620758634673684e-06,-1.2852812995891823e-04,
-2.0489831660972107e-04,-5.6748914815724031e-03,9.6986178209818377e-04,4.5952688508349821e-15,5.2584712520143064e-06,-1.2580244495509165e-04,
-2.0803215364344243e-04,-5.7961056340069487e-03,9.6923753416680971e-04,4.0310156492607945e-15,-4.2922686245906177e-07,7.8748947096463632e-05,
-2.1348647917581888e-04,-5.6190564901925687e-03,9.6876011986481408e-04,6.4803384172463905e-15,-1.2063764490534937e-07,2.0786579884814145e-04,
-2.1322155969836731e-04,-5.4427604091879106e-03,9.6907764037260969e-04,5.7740412467188199e-15,-1.1827603673437486e-07,2.0768215660294355e-04,
-2.0981155546116365e-04,-5.4198052077506220e-03,9.7306027277171069e-04,8.8640338677151061e-15,-4.6419878420003982e-07,7.9168634288971564e-05,
-2.0801502863899179e-04,-5.4759335137075172e-03,9.7236304639201855e-04,4.5009325486017092e-15,5.2620758622064997e-06,-1.2852812995359242e-04,
-2.0489831794202648e-04,-5.6748914825065421e-03,9.6986178068709508e-04,3.2285431970439035e-15,5.2584712533295504e-06,-1.2580244494924620e-04,
-2.0803215550871978e-04,-5.7961056334634624e-03,9.6923753427687487e-04,4.4142714892221393e-15,-4.2922686343800396e-07,7.8748947090627724e-05,
-2.1348648907978330e-04,-5.6190564962598976e-03,9.6876011470569041e-04,4.8984424711650272e-15,-1.2063764029906189e-07,2.0786579885008521e-04,
-2.1322155723231301e-04,-5.4427604063517245e-03,9.6907764263716336e-04,6.7253270641931985e-15,-1.1827603718673811e-07,2.0768215661069714e-04,
-2.0981155674211014e-04,-5.4198052094056575e-03,9.7306027108890652e-04,6.7331394285160813e-15,-4.6419877582209248e-07,7.9168634288460661e-05,
-2.0801502865180050e-04,-5.4759335137087800e-03,9.7236304645139163e-04,2.3652781564250954e-15,5.2620758632550384e-06,-1.2852812996031699e-04,
-2.0489831775914299e-04,-5.6748914819371695e-03,9.6986178062425678e-04,2.2284235880367924e-15,5.2584712526837089e-06,-1.2580244495071188e-04,
-2.0803215521322455e-04,-5.7961056339602118e-03,9.6923753464262983e-04,3.6271167150681626e-15,-4.2922686637613292e-07,7.8748947094081111e-05,
-2.1348648998921544e-04,-5.6190564957762142e-03,9.6876011447243494e-04,4.0823312067172539e-15,-1.2063763797405211e-07,2.0786579885988515e-04,
-2.1322155624778046e-04,-5.4427604066846361e-03,9.6907764364112514e-04,5.7080213211883809e-15,-1.1827603540152101e-07,2.0768215661158844e-04,
-2.0981155737331662e-04,-5.4198052069653916e-03,9.7306027212716605e-04,5.9941757702500207e-15,-4.6419877287819935e-07,7.9168634286191561e-05,
-2.0801502790314736e-04,-5.4759335139358094e-03,9.7236304654619047e-04,2.0556815155111002e-15,5.2620758663188303e-06,-1.2852812995371629e-04,
-2.0489831801526881e-04,-5.6748914823865427e-03,9.6986178036045348e-04,1.5846764743883243e-15,5.2584712534154124e-06,-1.2580244494849894e-04,
-2.0803215312559128e-04,-5.7961056332582776e-03,9.6923753445706006e-04,1.0990892632391516e-15,-4.2922687005897447e-07,7.8748947092508896e-05,
-2.1348649934606047e-04,-5.6190564967544153e-03,9.6876011412272466e-04,3.5480155594199261e-15,-1.2063763896739893e-07,2.0786579885502323e-04,
-2.1322155782596048e-04,-5.4427604078501352e-03,9.6907764214582126e-04,4.7208592081092157e-15,-1.1827602911831351e-07,2.0768215660468511e-04,
-2.0981155993873336e-04,-5.4198052096176026e-03,9.7306027174587438e-04,5.7927124694056404e-15,-4.6419877029254731e-07,7.9168634297679795e-05,

