1
1
6
0
(24 0
((0,0,0) (3,3,3) (0,0,0))
((20,0,0) (23,3,3) (0,0,0))
((16,0,0) (19,3,3) (0,0,0))
((12,0,0) (15,3,3) (0,0,0))
((8,0,0) (11,3,3) (0,0,0))
((4,0,0) (7,3,3) (0,0,0))
((0,4,0) (3,7,3) (0,0,0))
((20,4,0) (23,7,3) (0,0,0))
((16,4,0) (19,7,3) (0,0,0))
((12,4,0) (15,7,3) (0,0,0))
((8,4,0) (11,7,3) (0,0,0))
((4,4,0) (7,7,3) (0,0,0))
((0,0,4) (3,3,7) (0,0,0))
((20,0,4) (23,3,7) (0,0,0))
((16,0,4) (19,3,7) (0,0,0))
((12,0,4) (15,3,7) (0,0,0))
((8,0,4) (11,3,7) (0,0,0))
((4,0,4) (7,3,7) (0,0,0))
((0,4,4) (3,7,7) (0,0,0))
((20,4,4) (23,7,7) (0,0,0))
((16,4,4) (19,7,7) (0,0,0))
((12,4,4) (15,7,7) (0,0,0))
((8,4,4) (11,7,7) (0,0,0))
((4,4,4) (7,7,7) (0,0,0))
)
24
FabOnDisk: Cell_D_00000 0
FabOnDisk: Cell_D_00000 3158
FabOnDisk: Cell_D_00000 6318
FabOnDisk: Cell_D_00000 9478
FabOnDisk: Cell_D_00000 12638
FabOnDisk: Cell_D_00000 15797
FabOnDisk: Cell_D_00000 18955
FabOnDisk: Cell_D_00000 22113
FabOnDisk: Cell_D_00000 25273
FabOnDisk: Cell_D_00000 28433
FabOnDisk: Cell_D_00000 31593
FabOnDisk: Cell_D_00000 34752
FabOnDisk: Cell_D_00000 37910
FabOnDisk: Cell_D_00000 41068
FabOnDisk: Cell_D_00000 44228
FabOnDisk: Cell_D_00000 47388
FabOnDisk: Cell_D_00000 50548
FabOnDisk: Cell_D_00000 53707
FabOnDisk: Cell_D_00000 56865
FabOnDisk: Cell_D_00000 60023
FabOnDisk: Cell_D_00000 63183
FabOnDisk: Cell_D_00000 66343
FabOnDisk: Cell_D_00000 69503
FabOnDisk: Cell_D_00000 72662

24,6
-1.8022605211134469e-04,-4.8369893120137272e-03,8.3371311657125789e-04,-2.0571819711953061e-16,8.8709391895637097e-09,2.2651303029907793e-04,
-1.8051091108292605e-04,-5.5182746435586266e-03,8.3366290912461640e-04,-2.7239358696358649e-16,1.2550900732327774e-08,2.2634514563447426e-04,
-1.8258729884857748e-04,-5.6236965432195337e-03,8.3365206727187410e-04,-3.0981948614012998e-16,-4.5893564568653841e-09,-1.4243659406815078e-04,
-1.8374342377912027e-04,-5.3933380869142936e-03,8.3366275728117471e-04,-5.8530501775117514e-16,-1.7139151832771100e-08,-3.6878207960093262e-04,
-1.8370933670373857e-04,-4.6335146632298227e-03,8.3371284910473316e-04,-4.1986758621370357e-16,-1.7746146606840452e-08,-3.6875465222400825e-04,
-1.8231147962232783e-04,-4.1557680000769461e-03,8.3375600718734887e-04,-7.1865229326257452e-16,-8.8815862955722728e-09,-1.4224193784530365e-04,
-1.8022604903806182e-04,-4.8369893126705725e-03,8.3371311636806799e-04,-9.9833205710251746e-16,8.8709376004174769e-09,2.2651303030053811e-04,
-1.8051090957538186e-04,-5.5182746440328948e-03,8.3366290948669135e-04,-6.0893744927723544e-16,1.2550900210502466e-08,2.2634514563461575e-04,
-1.8258729412247280e-04,-5.6236965439738556e-03,8.3365206696440727e-04,-8.0608538514592723e-16,-4.5893566144215641e-09,-1.4243659407014967e-04,
-1.8374342446103858e-04,-5.3933380881559558e-03,8.3366275806839635e-04,-1.5891849525491159e-15,-1.7139150640616868e-08,-3.6878207960023830e-04,
-1.8370931421220552e-04,-4.6335146612904434e-03,8.3371284998637600e-04,-1.1981449124388129e-15,-1.7746147879830655e-08,-3.6875465222381310e-04,
-1.8231148927843005e-04,-4.1557680007193194e-03,8.3375600579357553e-04,-1.7260825367570831e-15,-8.8815867472643544e-09,-1.4224193784692497e-04,
-1.8022604846267457e-04,-4.8369893122432797e-03,8.3371311584605923e-04,-5.8652466608331010e-16,8.8709377558611914e-09,2.2651303029849293e-04,
-1.8051090951126748e-04,-5.5182746428923480e-03,8.3366290831059426e-04,-5.2480759589457762e-16,1.2550901405308542e-08,2.2634514563470764e-04,
-1.8258729357222063e-04,-5.6236965430262222e-03,8.3365206647992133e-04,-7.5552023088789880e-16,-4.5893559873394390e-09,-1.4243659407027975e-04,
-1.8374342531057148e-04,-5.3933380861040815e-03,8.3366275596490752e-04,-1.6250161261471343e-15,-1.7139147964534846e-08,-3.6878207960112789e-04,
-1.8370931278019888e-04,-4.6335146616537735e-03,8.3371285023048976e-04,-9.9950552962439232e-16,-1.7746148729299540e-08,-3.6875465222434457e-04,
-1.8231148959871852e-04,-4.1557679993933262e-03,8.3375600483868778e-04,-2.3698080636485887e-15,-8.8815860671460207e-09,-1.4224193784621817e-04,
-1.8022604598581953e-04,-4.8369893125313514e-03,8.3371311580470071e-04,-1.0259654824506327e-15,8.8709363652665124e-09,2.2651303030086717e-04,
-1.8051091078864401e-04,-5.5182746440820265e-03,8.3366290835996503e-04,-1.0143485246626441e-15,1.2550901873889334e-08,2.2634514563469579e-04,
-1.8258728655329935e-04,-5.6236965434716540e-03,8.3365206625039779e-04,-1.0033087816191600e-15,-4.5893591217695947e-09,-1.4243659407028246e-04,
-1.8374342487992006e-04,-5.3933380875578162e-03,8.3366275651288141e-04,-1.3153600435701168e-15,-1.7139145214036129e-08,-3.6878207960203992e-04,
-1.8370930363078157e-04,-4.6335146615798907e-03,8.3371284974334558e-04,-1.8347346910024640e-15,-1.7746149637344009e-08,-3.6875465222402387e-04,
-1.8231148984674050e-04,-4.1557680005441210e-03,8.3375600710103347e-04,-1.9336694716135268e-15,-8.8815863962958226e-09,-1.4224193784576557e-04,

24,6
-1.7953992716220282e-04,-4.2807670995246849e-03,8.3374906175177617e-04,9.7049806707019076e-16,1.7145221430500426e-08,3.6878217808453915e-04,
-1.7958983744289456e-04,-5.0405898406365819e-03,8.3369894509376997e-04,1.3873824059245073e-15,1.7750293037101712e-08,3.6875451061575091e-04,
-1.8100259576462490e-04,-5.5183375565417674e-03,8.3365579972417738e-04,1.3409905333883061e-15,8.8752100927658961e-09,1.4224162565479824e-04,
-1.8303660570317365e-04,-4.8371150936303330e-03,8.3369869163865456e-04,1.4841567196871064e-15,-8.8687127660851012e-09,-2.2651257650259791e-04,
-1.8281072378875031e-04,-4.1558308704941361e-03,8.3374889254599711e-04,1.6218745392243259e-15,-1.2555860789309460e-08,-2.2634558787365671e-04,
-1.8068360480604463e-04,-4.0504093637595464e-03,8.3375975450356010e-04,1.7551193393030082e-15,4.5882476677081533e-09,1.4243693783014966e-04,
-1.7953992665085990e-04,-4.2807670992749134e-03,8.3374906196160398e-04,8.7519112823896449e-16,1.7145221379995997e-08,3.6878217808455807e-04,
-1.7958983915846276e-04,-5.0405898418476869e-03,8.3369894481099052e-04,7.7335044572027818e-16,1.7750293867892934e-08,3.6875451061618941e-04,
-1.8100259760965354e-04,-5.5183375563053749e-03,8.3365579983621201e-04,1.0836534003860772e-15,8.8752098949393446e-09,1.4224162565532744e-04,
-1.8303661578902570e-04,-4.8371151002019885e-03,8.3369868619748990e-04,9.4014150102719102e-16,-8.8687114189271139e-09,-2.2651257650235863e-04,
-1.8281072103817190e-04,-4.1558308676294276e-03,8.3374889520662165e-04,1.3886589977812036e-15,-1.2555863003126779e-08,-2.2634558787502161e-04,
-1.8068360574542960e-04,-4.0504093662105927e-03,8.3375975253677475e-04,1.1774863906401030e-15,4.5882463151461132e-09,1.4243693782826309e-04,
-1.7953992661049376e-04,-4.2807670990879960e-03,8.3374906200282730e-04,6.6742942855145326e-16,1.7145220545358818e-08,3.6878217808475702e-04,
-1.7958983959609812e-04,-5.0405898409860471e-03,8.3369894398061092e-04,4.0730021138841654e-16,1.7750293180681089e-08,3.6875451061581135e-04,
-1.8100259785824453e-04,-5.5183375563492938e-03,8.3365579961915115e-04,1.2914695367297029e-15,8.8752097434034066e-09,1.4224162565482776e-04,
-1.8303661690581324e-04,-4.8371150995087618e-03,8.3369868549856385e-04,9.7016580710244222e-16,-8.8687112093111508e-09,-2.2651257650259366e-04,
-1.8281072011437977e-04,-4.1558308675633034e-03,8.3374889553199734e-04,1.3962212318188910e-15,-1.2555864410824386e-08,-2.2634558787421575e-04,
-1.8068360631133865e-04,-4.0504093632172051e-03,8.3375975200241314e-04,1.3122485021791999e-15,4.5882472420200146e-09,1.4243693782937917e-04,
-1.7953992564230146e-04,-4.2807670996049697e-03,8.3374906164756049e-04,6.0818778852272427e-16,1.7145219693994379e-08,3.6878217808529619e-04,
-1.7958984442052075e-04,-5.0405898420992374e-03,8.3369894371301411e-04,1.9154226149187211e-16,1.7750293942405612e-08,3.6875451061671281e-04,
-1.8100259509786241e-04,-5.5183375559703634e-03,8.3365579949555525e-04,7.6414835394739144e-16,8.8752095688734441e-09,1.4224162565510491e-04,
-1.8303662892015117e-04,-4.8371151011389986e-03,8.3369868456759490e-04,1.2576327906037428e-15,-8.8687102150817973e-09,-2.2651257650164490e-04,
-1.8281072190205809e-04,-4.1558308691390516e-03,8.3374889402562582e-04,6.5358817678075663e-16,-1.2555866300131805e-08,-2.2634558787021171e-04,
-1.8068360836550275e-04,-4.0504093675499120e-03,8.3375975250766534e-04,1.4234868464697184e-15,4.5882485678645958e-09,1.4243693782748756e-04,

