HyperCLaw-V1.1
6
E_x
E_y
E_z
B_x
B_y
B_z
3
0.80000000000000004
0
0 0 0 
5.0265482457440003 5.0265482457440003 5.0265482457440003 

((0,0,0) (23,7,7) (0,0,0)) 
0 
0.20943951023933335 0.62831853071800003 0.62831853071800003 
0
0
0 24 0.80000000000000004
0
0 0.83775804095733342
0 2.5132741228720001
0 2.5132741228720001
4.1887902047866667 5.0265482457440003
0 2.5132741228720001
0 2.5132741228720001
3.3510321638293337 4.1887902047866667
0 2.5132741228720001
0 2.5132741228720001
2.5132741228720001 3.3510321638293337
0 2.5132741228720001
0 2.5132741228720001
1.6755160819146668 2.5132741228720001
0 2.5132741228720001
0 2.5132741228720001
0.83775804095733342 1.6755160819146668
0 2.5132741228720001
0 2.5132741228720001
0 0.83775804095733342
2.5132741228720001 5.0265482457440003
0 2.5132741228720001
4.1887902047866667 5.0265482457440003
2.5132741228720001 5.0265482457440003
0 2.5132741228720001
3.3510321638293337 4.1887902047866667
2.5132741228720001 5.0265482457440003
0 2.5132741228720001
2.5132741228720001 3.3510321638293337
2.5132741228720001 5.0265482457440003
0 2.5132741228720001
1.6755160819146668 2.5132741228720001
2.5132741228720001 5.0265482457440003
0 2.5132741228720001
0.83775804095733342 1.6755160819146668
2.5132741228720001 5.0265482457440003
0 2.5132741228720001
0 0.83775804095733342
0 2.5132741228720001
2.5132741228720001 5.0265482457440003
4.1887902047866667 5.0265482457440003
0 2.5132741228720001
2.5132741228720001 5.0265482457440003
3.3510321638293337 4.1887902047866667
0 2.5132741228720001
2.5132741228720001 5.0265482457440003
2.5132741228720001 3.3510321638293337
0 2.5132741228720001
2.5132741228720001 5.0265482457440003
1.6755160819146668 2.5132741228720001
0 2.5132741228720001
2.5132741228720001 5.0265482457440003
0.83775804095733342 1.6755160819146668
0 2.5132741228720001
2.5132741228720001 5.0265482457440003
0 0.83775804095733342
2.5132741228720001 5.0265482457440003
2.5132741228720001 5.0265482457440003
4.1887902047866667 5.0265482457440003
2.5132741228720001 5.0265482457440003
2.5132741228720001 5.0265482457440003
3.3510321638293337 4.1887902047866667
2.5132741228720001 5.0265482457440003
2.5132741228720001 5.0265482457440003
2.5132741228720001 3.3510321638293337
2.5132741228720001 5.0265482457440003
2.5132741228720001 5.0265482457440003
1.6755160819146668 2.5132741228720001
2.5132741228720001 5.0265482457440003
2.5132741228720001 5.0265482457440003
0.83775804095733342 1.6755160819146668
2.5132741228720001 5.0265482457440003
2.5132741228720001 5.0265482457440003
Level_0/Cell
