1
1
6
0
(24 0
((0,0,0) (3,3,3) (0,0,0))
((20,0,0) (23,3,3) (0,0,0))
((16,0,0) (19,3,3) (0,0,0))
((12,0,0) (15,3,3) (0,0,0))
((8,0,0) (11,3,3) (0,0,0))
((4,0,0) (7,3,3) (0,0,0))
((0,4,0) (3,7,3) (0,0,0))
((20,4,0) (23,7,3) (0,0,0))
((16,4,0) (19,7,3) (0,0,0))
((12,4,0) (15,7,3) (0,0,0))
((8,4,0) (11,7,3) (0,0,0))
((4,4,0) (7,7,3) (0,0,0))
((0,0,4) (3,3,7) (0,0,0))
((20,0,4) (23,3,7) (0,0,0))
((16,0,4) (19,3,7) (0,0,0))
((12,0,4) (15,3,7) (0,0,0))
((8,0,4) (11,3,7) (0,0,0))
((4,0,4) (7,3,7) (0,0,0))
((0,4,4) (3,7,7) (0,0,0))
((20,4,4) (23,7,7) (0,0,0))
((16,4,4) (19,7,7) (0,0,0))
((12,4,4) (15,7,7) (0,0,0))
((8,4,4) (11,7,7) (0,0,0))
((4,4,4) (7,7,7) (0,0,0))
)
24
FabOnDisk: Cell_D_00000 0
FabOnDisk: Cell_D_00000 3158
FabOnDisk: Cell_D_00000 6318
FabOnDisk: Cell_D_00000 9478
FabOnDisk: Cell_D_00000 12638
FabOnDisk: Cell_D_00000 15797
FabOnDisk: Cell_D_00000 18955
FabOnDisk: Cell_D_00000 22113
FabOnDisk: Cell_D_00000 25273
FabOnDisk: Cell_D_00000 28433
FabOnDisk: Cell_D_00000 31593
FabOnDisk: Cell_D_00000 34752
FabOnDisk: Cell_D_00000 37910
FabOnDisk: Cell_D_00000 41068
FabOnDisk: Cell_D_00000 44228
FabOnDisk: Cell_D_00000 47388
FabOnDisk: Cell_D_00000 50548
FabOnDisk: Cell_D_00000 53707
FabOnDisk: Cell_D_00000 56865
FabOnDisk: Cell_D_00000 60023
FabOnDisk: Cell_D_00000 63183
FabOnDisk: Cell_D_00000 66343
FabOnDisk: Cell_D_00000 69503
FabOnDisk: Cell_D_00000 72662

24,6
-1.0720589646318987e-11,-7.9160214273109858e-13,-1.1987157199470597e-12,0.0000000000000000e+00,0.0000000000000000e+00,6.0876142900867275e-04,
-4.8853319907276394e-12,-1.0794430722399496e-05,-1.6284439969092134e-12,0.0000000000000000e+00,0.0000000000000000e+00,6.0876142900900105e-04,
-1.3231107474887358e-11,-1.2464333804919688e-05,-3.2795052715532766e-12,0.0000000000000000e+00,0.0000000000000000e+00,-3.8268343236482692e-04,
-1.2552589142841852e-11,-8.8136159202740828e-06,-1.7415303855834641e-12,0.0000000000000000e+00,0.0000000000000000e+00,-9.9144486137378238e-04,
-3.6911397263275501e-11,3.2260034510533699e-06,-4.1841963809472842e-12,0.0000000000000000e+00,0.0000000000000000e+00,-9.9144486137383637e-04,
-1.1738367144387246e-11,1.0794427284575853e-05,-2.3295796066895688e-12,0.0000000000000000e+00,0.0000000000000000e+00,-3.8268343236520953e-04,
-7.7351089853187635e-12,-1.6510586966554058e-12,-1.4475057750304118e-12,0.0000000000000000e+00,0.0000000000000000e+00,6.0876142900867275e-04,
-2.7140733281820219e-12,-1.0794431468769662e-05,-1.2439502754167602e-12,0.0000000000000000e+00,0.0000000000000000e+00,6.0876142900900105e-04,
-8.4136273173642675e-12,-1.2464334619141685e-05,-2.1938759402804679e-12,0.0000000000000000e+00,0.0000000000000000e+00,-3.8268343236482692e-04,
-9.2278493158188753e-12,-8.8136171189898023e-06,-1.5832094414395129e-12,0.0000000000000000e+00,0.0000000000000000e+00,-9.9144486137378238e-04,
-1.3977477640137413e-11,3.2260047628554785e-06,-3.1890361606138761e-12,0.0000000000000000e+00,0.0000000000000000e+00,-9.9144486137383637e-04,
-2.0830512793797017e-11,1.0794426357267468e-05,-2.5105178285683704e-12,0.0000000000000000e+00,0.0000000000000000e+00,-3.8268343236520953e-04,
-7.1244424864778080e-12,-1.1534785864887017e-12,-2.3069623289547188e-12,0.0000000000000000e+00,0.0000000000000000e+00,6.0876142900867275e-04,
-2.5783696617729210e-12,-1.0794430021263886e-05,-2.8723942723259736e-12,0.0000000000000000e+00,0.0000000000000000e+00,6.0876142900900105e-04,
-7.8708126517278640e-12,-1.2464333578746910e-05,-2.7140733281820219e-12,0.0000000000000000e+00,0.0000000000000000e+00,-3.8268343236482692e-04,
-8.6850346501824701e-12,-8.8136150834348061e-06,-5.5412330450382948e-12,0.0000000000000000e+00,0.0000000000000000e+00,-9.9144486137378238e-04,
-1.2416885476432751e-11,3.2260043331272015e-06,-3.3021225492881270e-12,0.0000000000000000e+00,0.0000000000000000e+00,-9.9144486137383637e-04,
-2.1101920126615221e-11,1.0794428008328742e-05,-4.5008382692351867e-12,0.0000000000000000e+00,0.0000000000000000e+00,-3.8268343236520953e-04,
-4.6139246579094377e-12,-1.6284414189205556e-12,-2.3295796066895688e-12,0.0000000000000000e+00,0.0000000000000000e+00,6.0876142900867275e-04,
-5.2245911567503923e-12,-1.0794431333065995e-05,-2.5331351063032207e-12,0.0000000000000000e+00,0.0000000000000000e+00,6.0876142900900105e-04,
-4.0711099922730333e-12,-1.2464334325117074e-05,-3.0759497719396251e-12,0.0000000000000000e+00,0.0000000000000000e+00,-3.8268343236482692e-04,
-1.2552589142841852e-11,-8.8136165761751365e-06,-3.7544681039851308e-12,0.0000000000000000e+00,0.0000000000000000e+00,-9.9144486137378238e-04,
-1.0449182313500785e-11,3.2260042878926462e-06,-4.5686901024397370e-12,0.0000000000000000e+00,0.0000000000000000e+00,-9.9144486137383637e-04,
-2.1916142125069828e-11,1.0794426719143910e-05,-3.6187644375760295e-12,0.0000000000000000e+00,0.0000000000000000e+00,-3.8268343236520953e-04,

24,6
6.3102204880232011e-12,8.8136164857041776e-06,2.6462214949774717e-12,0.0000000000000000e+00,0.0000000000000000e+00,9.9144486137380926e-04,
8.0743681513415147e-12,-3.2260040164828180e-06,4.8853319907276394e-12,0.0000000000000000e+00,0.0000000000000000e+00,9.9144486137386326e-04,
6.1066649884095495e-12,-1.0794425950157728e-05,3.4604434934320782e-12,0.0000000000000000e+00,0.0000000000000000e+00,3.8268343236540019e-04,
2.4223104454024546e-11,9.9515996253454242e-12,9.7028121482507286e-12,0.0000000000000000e+00,0.0000000000000000e+00,-6.0876142900850806e-04,
1.2416885476432751e-11,1.0794432712721208e-05,4.3425173250912351e-12,0.0000000000000000e+00,0.0000000000000000e+00,-6.0876142900883701e-04,
3.0194065776024993e-11,1.2464338237906114e-05,6.0840477106746992e-12,0.0000000000000000e+00,0.0000000000000000e+00,3.8268343236501801e-04,
3.3925916602275276e-12,8.8136165987905656e-06,2.5783696617729210e-12,0.0000000000000000e+00,0.0000000000000000e+00,9.9144486137380926e-04,
6.3780723212277513e-12,-3.2260053961367596e-06,3.4152089379623779e-12,0.0000000000000000e+00,0.0000000000000000e+00,9.9144486137386326e-04,
4.4782209915003364e-12,-1.0794425904923173e-05,3.6413817153108798e-12,0.0000000000000000e+00,0.0000000000000000e+00,3.8268343236540019e-04,
1.4045329473341964e-11,3.0759471939509672e-12,4.1841963809472842e-12,0.0000000000000000e+00,0.0000000000000000e+00,-6.0876142900850806e-04,
1.5063106971410222e-11,1.0794435562498202e-05,6.7399487649853553e-12,0.0000000000000000e+00,0.0000000000000000e+00,-6.0876142900883701e-04,
1.5945180803069380e-11,1.2464335455980954e-05,5.6543194337125457e-12,0.0000000000000000e+00,0.0000000000000000e+00,3.8268343236501801e-04,
3.4604434934320778e-12,8.8136169154324538e-06,2.3521968844244191e-12,0.0000000000000000e+00,0.0000000000000000e+00,9.9144486137380926e-04,
5.9031094887958980e-12,-3.2260043557419838e-06,2.2617277734850185e-12,0.0000000000000000e+00,0.0000000000000000e+00,9.9144486137386326e-04,
4.2746654918866848e-12,-1.0794425678750396e-05,3.7318508262502804e-12,0.0000000000000000e+00,0.0000000000000000e+00,3.8268343236540019e-04,
1.2823996475660054e-11,3.9127864701404241e-12,3.1664188828790257e-12,0.0000000000000000e+00,0.0000000000000000e+00,-6.0876142900850806e-04,
1.5877328969864828e-11,1.0794435879140091e-05,6.6947142095156546e-12,0.0000000000000000e+00,0.0000000000000000e+00,-6.0876142900883701e-04,
1.5334514304228423e-11,1.2464338645017113e-05,2.6914560504471720e-12,0.0000000000000000e+00,0.0000000000000000e+00,3.8268343236501801e-04,
4.6817764911139879e-12,8.8136162369141228e-06,2.5783696617729210e-12,0.0000000000000000e+00,0.0000000000000000e+00,9.9144486137380926e-04,
3.2568879938184263e-12,-3.2260056675440925e-06,1.5153576082349624e-12,0.0000000000000000e+00,0.0000000000000000e+00,9.9144486137386326e-04,
5.8352576555913469e-12,-1.0794425497812174e-05,4.1389618254775835e-12,0.0000000000000000e+00,0.0000000000000000e+00,3.8268343236540019e-04,
6.5816278208414036e-12,2.0129351404130083e-12,2.1034068293410673e-12,0.0000000000000000e+00,0.0000000000000000e+00,-6.0876142900850806e-04,
1.6284439969092133e-11,1.0794434047140595e-05,5.1793566012806924e-12,0.0000000000000000e+00,0.0000000000000000e+00,-6.0876142900883701e-04,
1.2416885476432751e-11,1.2464333443043235e-05,2.4879005508335204e-12,0.0000000000000000e+00,0.0000000000000000e+00,3.8268343236501801e-04,

