1
1
6
0
(24 0
((0,0,0) (3,3,3) (0,0,0))
((20,0,0) (23,3,3) (0,0,0))
((16,0,0) (19,3,3) (0,0,0))
((12,0,0) (15,3,3) (0,0,0))
((8,0,0) (11,3,3) (0,0,0))
((4,0,0) (7,3,3) (0,0,0))
((0,4,0) (3,7,3) (0,0,0))
((20,4,0) (23,7,3) (0,0,0))
((16,4,0) (19,7,3) (0,0,0))
((12,4,0) (15,7,3) (0,0,0))
((8,4,0) (11,7,3) (0,0,0))
((4,4,0) (7,7,3) (0,0,0))
((0,0,4) (3,3,7) (0,0,0))
((20,0,4) (23,3,7) (0,0,0))
((16,0,4) (19,3,7) (0,0,0))
((12,0,4) (15,3,7) (0,0,0))
((8,0,4) (11,3,7) (0,0,0))
((4,0,4) (7,3,7) (0,0,0))
((0,4,4) (3,7,7) (0,0,0))
((20,4,4) (23,7,7) (0,0,0))
((16,4,4) (19,7,7) (0,0,0))
((12,4,4) (15,7,7) (0,0,0))
((8,4,4) (11,7,7) (0,0,0))
((4,4,4) (7,7,7) (0,0,0))
)
24
FabOnDisk: Cell_D_00000 0
FabOnDisk: Cell_D_00000 3158
FabOnDisk: Cell_D_00000 6318
FabOnDisk: Cell_D_00000 9478
FabOnDisk: Cell_D_00000 12638
FabOnDisk: Cell_D_00000 15797
FabOnDisk: Cell_D_00000 18955
FabOnDisk: Cell_D_00000 22113
FabOnDisk: Cell_D_00000 25273
FabOnDisk: Cell_D_00000 28433
FabOnDisk: Cell_D_00000 31593
FabOnDisk: Cell_D_00000 34752
FabOnDisk: Cell_D_00000 37910
FabOnDisk: Cell_D_00000 41068
FabOnDisk: Cell_D_00000 44228
FabOnDisk: Cell_D_00000 47388
FabOnDisk: Cell_D_00000 50548
FabOnDisk: Cell_D_00000 53707
FabOnDisk: Cell_D_00000 56865
FabOnDisk: Cell_D_00000 60023
FabOnDisk: Cell_D_00000 63183
FabOnDisk: Cell_D_00000 66343
FabOnDisk: Cell_D_00000 69503
FabOnDisk: Cell_D_00000 72662

24,6
-2.0268618531703959e-04,-5.3633753722338758e-03,9.2444864197960264e-04,-3.7241777695755321e-16,-1.3192592932663530e-07,1.0939425449657818e-04,
-1.9900972579114343e-04,-6.0030883723477032e-03,9.2319066677839135e-04,-3.8833405411176318e-16,-1.3184271081882337e-07,1.0913712592069125e-04,
-2.0260989632639686e-04,-6.1020028796624779e-03,9.2428553597232919e-04,-3.7842577189916339e-16,-8.8879093494211886e-09,-6.8808273896808374e-05,
-2.0407076842130506e-04,-5.8853778397652866e-03,9.2430215372388063e-04,-9.9560209345627264e-16,-3.3374535066794517e-08,-1.7807140018379671e-04,
-2.0402606737559640e-04,-5.1715523453696810e-03,9.2438020804992563e-04,-7.9570520174690096e-16,-3.4571715230363202e-08,-1.7804905925426629e-04,
-2.0223502273982301e-04,-4.7232774050868570e-03,9.2444756300807235e-04,-5.4443531176715895e-16,-1.7353333303907868e-08,-6.8649104362262199e-05,
-2.0268618548141868e-04,-5.3633753726339706e-03,9.2444864179546239e-04,-1.6140641138443524e-15,-1.3192592908418387e-07,1.0939425449864249e-04,
-1.9900972427788771e-04,-6.0030883727140456e-03,9.2319066676692981e-04,-1.1288801443234383e-15,-1.3184271211726259e-07,1.0913712592153844e-04,
-2.0260989163701091e-04,-6.1020028804201383e-03,9.2428553569646489e-04,-1.5702088157957046e-15,-8.8879107273461224e-09,-6.8808273900901250e-05,
-2.0407076904788618e-04,-5.8853778410261209e-03,9.2430215449984272e-04,-2.2716464079761280e-15,-3.3374535715906576e-08,-1.7807140018232458e-04,
-2.0402604506216730e-04,-5.1715523431868490e-03,9.2438020930781255e-04,-2.2711507270950206e-15,-3.4571716799849145e-08,-1.7804905925493175e-04,
-2.0223503220934477e-04,-4.7232774056160196e-03,9.2444756127335311e-04,-2.2443881565183227e-15,-1.7353333964674293e-08,-6.8649104364462764e-05,
-2.0268618544590767e-04,-5.3633753721796708e-03,9.2444864140964059e-04,-1.2855495692195888e-15,-1.3192592874485138e-07,1.0939425449455877e-04,
-1.9900972418814794e-04,-6.0030883716954732e-03,9.2319066614126200e-04,-1.0554556735600283e-15,-1.3184271153116037e-07,1.0913712592150981e-04,
-2.0260989108358151e-04,-6.1020028795069695e-03,9.2428553523966070e-04,-1.4792030727659328e-15,-8.8879091249260363e-09,-6.8808273900467420e-05,
-2.0407076988242419e-04,-5.8853778389694493e-03,9.2430215241845384e-04,-2.3321944145127034e-15,-3.3374534165013059e-08,-1.7807140018381070e-04,
-2.0402604368760293e-04,-5.1715523435221858e-03,9.2438020954423205e-04,-1.7446182544028412e-15,-3.4571717088192011e-08,-1.7804905925311663e-04,
-2.0223503255128750e-04,-4.7232774044198844e-03,9.2444756073204717e-04,-3.0726637129832403e-15,-1.7353333013375673e-08,-6.8649104363846151e-05,
-2.0268618462456950e-04,-5.3633753724010103e-03,9.2444864136077517e-04,-1.5256984029583773e-15,-1.3192592829992192e-07,1.0939425449822628e-04,
-1.9900972548912805e-04,-6.0030883728358561e-03,9.2319066637926747e-04,-2.0384553817649777e-15,-1.3184271156818717e-07,1.0913712592237188e-04,
-2.0260988407961621e-04,-6.1020028798261889e-03,9.2428553511599725e-04,-1.6761569190665243e-15,-8.8879139272067865e-09,-6.8808273901092639e-05,
-2.0407076957991056e-04,-5.8853778404044889e-03,9.2430215298663660e-04,-3.0781831659956976e-15,-3.3374531245650909e-08,-1.7807140018459439e-04,
-2.0402603517884687e-04,-5.1715523434021776e-03,9.2438020916720063e-04,-3.0248312888311606e-15,-3.4571718782992025e-08,-1.7804905925614535e-04,
-2.0223503256674308e-04,-4.7232774055144758e-03,9.2444756290548558e-04,-3.2104882396368954e-15,-1.7353334380840873e-08,-6.8649104361696571e-05,

24,6
-1.9957069698702090e-04,-4.8408215709741537e-03,9.2554881417963343e-04,1.6685152423777096e-15,1.8974566033215142e-07,1.7820501067056433e-04,
-1.9557970077072761e-04,-5.5545064789990460e-03,9.2429094249790028e-04,2.1961219508559187e-15,1.8977357119833665e-07,1.7806092204000697e-04,
-2.0060123054429656e-04,-6.0028656405894500e-03,9.2429118111548247e-04,1.7942494427392142e-15,9.7576435639477062e-09,6.8642376533685929e-05,
-2.0317802324026389e-04,-5.3627923540784427e-03,9.2435812953155596e-04,2.7292148054909724e-15,-1.7229838986834561e-08,-1.0939972843767720e-04,
-2.0287471312785413e-04,-4.7229986784468308e-03,9.2443644105794694e-04,2.1242579219666866e-15,-2.4501928723400862e-08,-1.0926337736836194e-04,
-2.0015292271003172e-04,-4.6241398911129397e-03,9.2445346402998099e-04,2.9691132341828782e-15,8.8620547263751231e-09,6.8808906824889101e-05,
-1.9957070109234831e-04,-4.8408215706727950e-03,9.2554881331123856e-04,1.6648045511601045e-15,1.8974566021849490e-07,1.7820501067095101e-04,
-1.9557970228968819e-04,-5.5545064801464632e-03,9.2429094221055386e-04,1.3237892024071062e-15,1.8977357121484961e-07,1.7806092204048488e-04,
-2.0060123239383552e-04,-6.0028656402806224e-03,9.2429118120904109e-04,2.0095408566706691e-15,9.7576432370203186e-09,6.8642376535481788e-05,
-2.0317803329048285e-04,-5.3627923605312012e-03,9.2435812415142017e-04,1.3495874261480263e-15,-1.7229838036316459e-08,-1.0939972843759331e-04,
-2.0287471042215759e-04,-4.7229986755785618e-03,9.2443644363179650e-04,2.6686843560953675e-15,-2.4501929791919780e-08,-1.0926337737167760e-04,
-2.0015292372707196e-04,-4.6241398934109426e-03,9.2445346212673347e-04,1.6552432066923333e-15,8.8620538337705476e-09,6.8808906822817055e-05,
-1.9957070083738478e-04,-4.8408215705323422e-03,9.2554881356778410e-04,9.0817284594459704e-16,1.8974565956916230e-07,1.7820501067103675e-04,
-1.9557970212593354e-04,-5.5545064793524959e-03,9.2429094149977878e-04,6.9220419774397330e-16,1.8977357054991689e-07,1.7806092204003825e-04,
-2.0060123252316892e-04,-6.0028656404285449e-03,9.2429118181679853e-04,1.3817923200665975e-15,9.7576431201944227e-09,6.8642376534059680e-05,
-2.0317803436097539e-04,-5.3627923598930710e-03,9.2435812355420811e-04,1.2773134648930601e-15,-1.7229838014868615e-08,-1.0939972843860231e-04,
-2.0287470948426522e-04,-4.7229986756077728e-03,9.2443644410761488e-04,2.1907041888714101e-15,-2.4501934013368829e-08,-1.0926337736875532e-04,
-2.0015292430406684e-04,-4.6241398905186182e-03,9.2445346168975174e-04,1.9973170651116534e-15,8.8620549318313521e-09,6.8808906824333434e-05,
-1.9957069895921788e-04,-4.8408215709809027e-03,9.2554881379455713e-04,9.8930984231734017e-16,1.8974565855915836e-07,1.7820501067168610e-04,
-1.9557970279924212e-04,-5.5545064803896801e-03,9.2429094124307147e-04,2.9781829923167308e-16,1.8977357030886081e-07,1.7806092204142608e-04,
-2.0060122990923939e-04,-6.0028656399740725e-03,9.2429118212422634e-04,1.3741032312873498e-15,9.7576426170694566e-09,6.8642376535014253e-05,
-2.0317804579474499e-04,-5.3627923614184055e-03,9.2435812267967394e-04,1.5894102461529670e-15,-1.7229836222150415e-08,-1.0939972843624970e-04,
-2.0287471122541187e-04,-4.7229986770870010e-03,9.2443644260187133e-04,1.1728152167699641e-15,-2.4501936714935068e-08,-1.0926337736325324e-04,
-2.0015292647443172e-04,-4.6241398944724555e-03,9.2445346224876075e-04,1.6506466449107752e-15,8.8620557258838079e-09,6.8808906822262635e-05,

