1
1
6
0
(24 0
((0,0,0) (3,3,3) (0,0,0))
((20,0,0) (23,3,3) (0,0,0))
((16,0,0) (19,3,3) (0,0,0))
((12,0,0) (15,3,3) (0,0,0))
((8,0,0) (11,3,3) (0,0,0))
((4,0,0) (7,3,3) (0,0,0))
((0,4,0) (3,7,3) (0,0,0))
((20,4,0) (23,7,3) (0,0,0))
((16,4,0) (19,7,3) (0,0,0))
((12,4,0) (15,7,3) (0,0,0))
((8,4,0) (11,7,3) (0,0,0))
((4,4,0) (7,7,3) (0,0,0))
((0,0,4) (3,3,7) (0,0,0))
((20,0,4) (23,3,7) (0,0,0))
((16,0,4) (19,3,7) (0,0,0))
((12,0,4) (15,3,7) (0,0,0))
((8,0,4) (11,3,7) (0,0,0))
((4,0,4) (7,3,7) (0,0,0))
((0,4,4) (3,7,7) (0,0,0))
((20,4,4) (23,7,7) (0,0,0))
((16,4,4) (19,7,7) (0,0,0))
((12,4,4) (15,7,7) (0,0,0))
((8,4,4) (11,7,7) (0,0,0))
((4,4,4) (7,7,7) (0,0,0))
)
24
FabOnDisk: Cell_D_00000 0
FabOnDisk: Cell_D_00002 0
FabOnDisk: Cell_D_00002 3160
FabOnDisk: Cell_D_00001 0
FabOnDisk: Cell_D_00001 3160
FabOnDisk: Cell_D_00000 3158
FabOnDisk: Cell_D_00000 6316
FabOnDisk: Cell_D_00003 0
FabOnDisk: Cell_D_00003 3160
FabOnDisk: Cell_D_00001 6319
FabOnDisk: Cell_D_00001 9479
FabOnDisk: Cell_D_00000 9474
FabOnDisk: Cell_D_00000 12632
FabOnDisk: Cell_D_00003 6320
FabOnDisk: Cell_D_00003 9480
FabOnDisk: Cell_D_00002 6320
FabOnDisk: Cell_D_00002 9480
FabOnDisk: Cell_D_00000 15790
FabOnDisk: Cell_D_00001 12638
FabOnDisk: Cell_D_00003 12640
FabOnDisk: Cell_D_00003 15800
FabOnDisk: Cell_D_00002 12639
FabOnDisk: Cell_D_00002 15799
FabOnDisk: Cell_D_00001 15796

24,6
-2.1088234825814825e-04,-5.6227954165792623e-03,9.6767597625889033e-04,-6.4559897851807243e-15,-4.2479775570476725e-07,-2.0543732846031463e-04,
-2.0790383535873377e-04,-5.7999492636697878e-03,9.6517202247927542e-04,-4.2339204844346178e-15,1.4405260774613776e-06,-2.0611494797336598e-04,
-2.1268629551428239e-04,-5.8215684779681851e-03,9.6448663833491560e-04,-3.3702198644664608e-15,-5.1430618514353137e-06,-7.9965302927753409e-05,
-2.1480256956119529e-04,-5.7641345716286877e-03,9.6848376746769542e-04,-4.6213155822864289e-15,-4.6826658939019040e-07,1.2775807014790808e-04,
-2.1476993625483886e-04,-5.5661360021218055e-03,9.6880870893922204e-04,-6.6946049450346447e-15,-1.3516863869447090e-07,1.2698148595223857e-04,
-2.1233053787390150e-04,-5.4435676907196003e-03,9.6830430977770633e-04,-6.6597182647909554e-15,-5.1385998197292188e-06,-8.2377503363591058e-05,
-2.1088234673376623e-04,-5.6227954170835464e-03,9.6767597585966042e-04,-2.5725913363465903e-14,-4.2479775326435167e-07,-2.0543732844897810e-04,
-2.0790383158510062e-04,-5.7999492634299241e-03,9.6517202230285177e-04,-2.3179739132682487e-14,1.4405260750107347e-06,-2.0611494794279116e-04,
-2.1268629548992107e-04,-5.8215684784893402e-03,9.6448663867745800e-04,-2.2382117285068456e-14,-5.1430618515267458e-06,-7.9965302915867138e-05,
-2.1480256268387732e-04,-5.7641345730355493e-03,9.6848376773120827e-04,-2.3056891858710420e-14,-4.6826658847608107e-07,1.2775807013703258e-04,
-2.1476992250952782e-04,-5.5661360007685061e-03,9.6880870982799178e-04,-2.7506874504758121e-14,-1.3516863492430743e-07,1.2698148591709800e-04,
-2.1233054020065661e-04,-5.4435676917296526e-03,9.6830430978481598e-04,-2.8504506579054627e-14,-5.1385998169984176e-06,-8.2377503360890039e-05,
-2.1088234698396927e-04,-5.6227954159332356e-03,9.6767597580133208e-04,-1.6169842312217529e-14,-4.2479775229915302e-07,-2.0543732845629739e-04,
-2.0790383180996895e-04,-5.7999492629399298e-03,9.6517202228133686e-04,-1.3625930796216658e-14,1.4405260571267040e-06,-2.0611494796969309e-04,
-2.1268629555401341e-04,-5.8215684776994868e-03,9.6448663759215710e-04,-1.1601549554154846e-14,-5.1430618535661699e-06,-7.9965302925392789e-05,
-2.1480256323266840e-04,-5.7641345714568235e-03,9.6848376620083077e-04,-1.3130926562223727e-14,-4.6826658903680587e-07,1.2775807014488603e-04,
-2.1476992100036757e-04,-5.5661360003576750e-03,9.6880870965992125e-04,-1.6781438947341302e-14,-1.3516863181226727e-07,1.2698148592879812e-04,
-2.1233053954965370e-04,-5.4435676906629555e-03,9.6830430917983616e-04,-1.9225349904207445e-14,-5.1385998164096442e-06,-8.2377503353917955e-05,
-2.1088234617901763e-04,-5.6227954169004116e-03,9.6767597603535798e-04,-3.4949142350367676e-14,-4.2479775299181305e-07,-2.0543732844660183e-04,
-2.0790383004017080e-04,-5.7999492643818510e-03,9.6517202229114943e-04,-3.1832535258200466e-14,1.4405260516975994e-06,-2.0611494794300613e-04,
-2.1268628537714272e-04,-5.8215684780073412e-03,9.6448663830128289e-04,-2.8056686361441747e-14,-5.1430618551613566e-06,-7.9965302908393353e-05,
-2.1480256507963111e-04,-5.7641345733539734e-03,9.6848376590099824e-04,-3.3155393385449388e-14,-4.6826658234723558e-07,1.2775807013434891e-04,
-2.1476991539080606e-04,-5.5661360000690118e-03,9.6880871108030839e-04,-3.2688379266986703e-14,-1.3516863473165875e-07,1.2698148591283823e-04,
-2.1233054845336448e-04,-5.4435676923449148e-03,9.6830430872557821e-04,-4.1121189178625706e-14,-5.1385998197727267e-06,-8.2377503357291260e-05,

24,6
-2.0801503168041348e-04,-5.4759335119885649e-03,9.7236304823133653e-04,3.3630911620885393e-14,5.2620758668970887e-06,-1.2852812996436695e-04,
-2.0489831339657225e-04,-5.6748914801892057e-03,9.6986178300930077e-04,3.1291643188952558e-14,5.2584712622615298e-06,-1.2580244495403160e-04,
-2.0803214394426566e-04,-5.7961056319874443e-03,9.6923753654827984e-04,2.8289781094930521e-14,-4.2922685891342791e-07,7.8748947095586973e-05,
-2.1348648020660452e-04,-5.6190564894882337e-03,9.6876012056519893e-04,3.4413985375138383e-14,-1.2063764199315428e-07,2.0786579887105438e-04,
-2.1322156145154231e-04,-5.4427604065498923e-03,9.6907764321714962e-04,3.1265114804305557e-14,-1.1827603639960593e-07,2.0768215662023248e-04,
-2.0981156567991829e-04,-5.4198052071671625e-03,9.7306027349435616e-04,3.6998982290755330e-14,-4.6419878139852192e-07,7.9168634296403553e-05,
-2.0801502719749730e-04,-5.4759335127686293e-03,9.7236304871015306e-04,1.8456420690578560e-14,5.2620758671911277e-06,-1.2852812995155607e-04,
-2.0489831528915133e-04,-5.6748914804764560e-03,9.6986178350310130e-04,1.4107030851497779e-14,5.2584712630332962e-06,-1.2580244493511143e-04,
-2.0803215172973915e-04,-5.7961056332426165e-03,9.6923753643464320e-04,1.2809957289022003e-14,-4.2922685518067061e-07,7.8748947092987029e-05,
-2.1348648288624315e-04,-5.6190564934329992e-03,9.6876011705149137e-04,1.6797343233339149e-14,-1.2063764278776626e-07,2.0786579883907418e-04,
-2.1322156194378706e-04,-5.4427604066548518e-03,9.6907764231663959e-04,1.9467206531909202e-14,-1.1827603467087402e-07,2.0768215659977194e-04,
-2.0981156186446550e-04,-5.4198052074022332e-03,9.7306027304747220e-04,2.1068266184131165e-14,-4.6419877712837001e-07,7.9168634284215413e-05,
-2.0801502742292223e-04,-5.4759335122178277e-03,9.7236304778322037e-04,1.7718312658430647e-14,5.2620758656819522e-06,-1.2852812996269502e-04,
-2.0489831504756729e-04,-5.6748914797309317e-03,9.6986178336182693e-04,1.6397337802917300e-14,5.2584712591479900e-06,-1.2580244495229501e-04,
-2.0803215211991720e-04,-5.7961056327247270e-03,9.6923753701010952e-04,1.3449924487274564e-14,-4.2922685896742166e-07,7.8748947099062464e-05,
-2.1348648387398754e-04,-5.6190564933639850e-03,9.6876011741101541e-04,1.9770845546811568e-14,-1.2063763301353552e-07,2.0786579887416975e-04,
-2.1322156175059129e-04,-5.4427604070866314e-03,9.6907764357233187e-04,1.7907074801198856e-14,-1.1827602714582163e-07,2.0768215662311538e-04,
-2.0981156341546431e-04,-5.4198052065413593e-03,9.7306027322162348e-04,2.1578834139670256e-14,-4.6419877165114898e-07,7.9168634297130118e-05,
-2.0801502254466322e-04,-5.4759335125726333e-03,9.7236304825057158e-04,1.6989012064992568e-15,5.2620758662257930e-06,-1.2852812994895629e-04,
-2.0489831618144300e-04,-5.6748914803528049e-03,9.6986178323275418e-04,-7.9847752342577744e-16,5.2584712585495425e-06,-1.2580244493037485e-04,
-2.0803215484247066e-04,-5.7961056320867642e-03,9.6923753622474415e-04,-4.0912194865675149e-16,-4.2922685838496580e-07,7.8748947098024693e-05,
-2.1348649939952657e-04,-5.6190564936291106e-03,9.6876011750284311e-04,-5.0609269571982119e-16,-1.2063763337346042e-07,2.0786579884351817e-04,
-2.1322155354794561e-04,-5.4427604060152002e-03,9.6907764421624496e-04,7.9066503742590568e-15,-1.1827602484417527e-07,2.0768215659933560e-04,
-2.0981155667964502e-04,-5.4198052082752770e-03,9.7306027311401728e-04,4.1834953819152985e-15,-4.6419876098707099e-07,7.9168634293451067e-05,

