1
1
6
0
(24 0
((0,0,0) (3,3,3) (0,0,0))
((20,0,0) (23,3,3) (0,0,0))
((16,0,0) (19,3,3) (0,0,0))
((12,0,0) (15,3,3) (0,0,0))
((8,0,0) (11,3,3) (0,0,0))
((4,0,0) (7,3,3) (0,0,0))
((0,4,0) (3,7,3) (0,0,0))
((20,4,0) (23,7,3) (0,0,0))
((16,4,0) (19,7,3) (0,0,0))
((12,4,0) (15,7,3) (0,0,0))
((8,4,0) (11,7,3) (0,0,0))
((4,4,0) (7,7,3) (0,0,0))
((0,0,4) (3,3,7) (0,0,0))
((20,0,4) (23,3,7) (0,0,0))
((16,0,4) (19,3,7) (0,0,0))
((12,0,4) (15,3,7) (0,0,0))
((8,0,4) (11,3,7) (0,0,0))
((4,0,4) (7,3,7) (0,0,0))
((0,4,4) (3,7,7) (0,0,0))
((20,4,4) (23,7,7) (0,0,0))
((16,4,4) (19,7,7) (0,0,0))
((12,4,4) (15,7,7) (0,0,0))
((8,4,4) (11,7,7) (0,0,0))
((4,4,4) (7,7,7) (0,0,0))
)
24
FabOnDisk: Cell_D_00000 0
FabOnDisk: Cell_D_00000 3158
FabOnDisk: Cell_D_00000 6318
FabOnDisk: Cell_D_00000 9478
FabOnDisk: Cell_D_00000 12638
FabOnDisk: Cell_D_00000 15797
FabOnDisk: Cell_D_00000 18955
FabOnDisk: Cell_D_00000 22113
FabOnDisk: Cell_D_00000 25273
FabOnDisk: Cell_D_00000 28433
FabOnDisk: Cell_D_00000 31593
FabOnDisk: Cell_D_00000 34752
FabOnDisk: Cell_D_00000 37910
FabOnDisk: Cell_D_00000 41068
FabOnDisk: Cell_D_00000 44228
FabOnDisk: Cell_D_00000 47388
FabOnDisk: Cell_D_00000 50548
FabOnDisk: Cell_D_00000 53707
FabOnDisk: Cell_D_00000 56865
FabOnDisk: Cell_D_00000 60023
FabOnDisk: Cell_D_00000 63183
FabOnDisk: Cell_D_00000 66343
FabOnDisk: Cell_D_00000 69503
FabOnDisk: Cell_D_00000 72662

24,6
-1.5370717680056144e-04,-4.1191982248151779e-03,7.1002553940881577e-04,-8.2444094231216188e-17,3.8235732138814328e-09,3.4422370643025940e-04,
-1.5387608294203063e-04,-4.7734524347065625e-03,7.0999757634429377e-04,-1.3128408195526208e-16,5.4144348003636188e-09,3.4413545935294839e-04,
-1.5535300195842851e-04,-4.8747734325262602e-03,7.0999160520937414e-04,-2.4859656942012325e-16,-1.9768597971202824e-09,-2.1641152891725679e-04,
-1.5618509771603593e-04,-4.6537247746558270e-03,7.0999764405267314e-04,-6.0312273444694740e-16,-7.3910376732407016e-09,-5.6054713837259138e-04,
-1.5616347276196514e-04,-3.9242068296077596e-03,7.1002564139402663e-04,-3.8140190995006298e-16,-7.6533186085250522e-09,-5.6053269943888038e-04,
-1.5518320139053213e-04,-3.4651989096985674e-03,7.1004960537748288e-04,-7.5296128299748752e-16,-3.8318608601540832e-09,-2.1630911327858853e-04,
-1.5370717375836539e-04,-4.1191982255486346e-03,7.1002553918969417e-04,-5.0659892188549351e-16,3.8235718491358246e-09,3.4422370643109353e-04,
-1.5387608143994328e-04,-4.7734524352743782e-03,7.0999757671439323e-04,-4.0676356686521657e-16,5.4144345573933371e-09,3.4413545935307589e-04,
-1.5535299720106276e-04,-4.8747734332777971e-03,7.0999160537375176e-04,-4.3369749496033448e-16,-1.9768596750941109e-09,-2.1641152891690199e-04,
-1.5618509844060740e-04,-4.6537247758805791e-03,7.0999764484878827e-04,-9.4725542338216360e-16,-7.3910365312571642e-09,-5.6054713837243374e-04,
-1.5616345011666515e-04,-3.9242068278850569e-03,7.1002564194855636e-04,-6.5222368995066346e-16,-7.6533202565382997e-09,-5.6053269943737930e-04,
-1.5518321120295124e-04,-3.4651989104390749e-03,7.1004960586942888e-04,-1.1952342939749552e-15,-3.8318614924761998e-09,-2.1630911327938558e-04,
-1.5370717317083688e-04,-4.1191982251444605e-03,7.1002553855088269e-04,-2.3238803254851630e-16,3.8235720296433185e-09,3.4422370643028596e-04,
-1.5387608139796498e-04,-4.7734524340281685e-03,7.0999757538158003e-04,-4.0524151281664002e-16,5.4144356319312359e-09,3.4413545935321754e-04,
-1.5535299665422691e-04,-4.8747734322993896e-03,7.0999160423981377e-04,-5.9815593795672984e-16,-1.9768594913314797e-09,-2.1641152891757143e-04,
-1.5618509930170383e-04,-4.6537247738369847e-03,7.0999764273007454e-04,-1.0011877355482487e-15,-7.3910348376691435e-09,-5.6054713837274783e-04,
-1.5616344864157803e-04,-3.9242068282714718e-03,7.1002564220046228e-04,-7.4378392348745152e-16,-7.6533212894830774e-09,-5.6053269943854254e-04,
-1.5518321150994840e-04,-3.4651989090006825e-03,7.1004960424078222e-04,-1.5586823018961707e-15,-3.8318619900034477e-09,-2.1630911327940417e-04,
-1.5370717068274693e-04,-4.1191982254964801e-03,7.1002553851571193e-04,-5.4856822806532916e-16,3.8235710156895025e-09,3.4422370643141689e-04,
-1.5387608265468648e-04,-4.7734524352600199e-03,7.0999757552934356e-04,-3.7932702303715638e-16,5.4144359980559623e-09,3.4413545935281059e-04,
-1.5535298962366994e-04,-4.8747734328547076e-03,7.0999160470897060e-04,-6.9076322445953692e-16,-1.9768615125240623e-09,-2.1641152891651238e-04,
-1.5618509876085888e-04,-4.6537247753017860e-03,7.0999764326118691e-04,-7.5400473988152035e-16,-7.3910332764214066e-09,-5.6054713837377717e-04,
-1.5616343894824536e-04,-3.9242068282392571e-03,7.1002564161596997e-04,-1.4381075123170261e-15,-7.6533212289915296e-09,-5.6053269943686366e-04,
-1.5518321195188869e-04,-3.4651989102000343e-03,7.1004960452101379e-04,-8.4246933807639432e-16,-3.8318620025773433e-09,-2.1630911327961033e-04,

24,6
-1.5320688369799035e-04,-3.5851806356687302e-03,7.1004564306176700e-04,5.0901739058299938e-16,7.3929959540575194e-09,5.6054716613766981e-04,
-1.5323613471292385e-04,-4.3146982527033848e-03,7.1001763503035270e-04,6.6191500065130992e-16,7.6546007222086263e-09,5.6053262822482717e-04,
-1.5422365021956657e-04,-4.7737067041987722e-03,7.0999368361134116e-04,9.2807750667567895e-16,3.8297452477962974e-09,2.1630899397423269e-04,
-1.5567490097378108e-04,-4.1197067862286749e-03,7.1001774750803926e-04,7.3657236319269070e-16,-3.8227415352811284e-09,-3.4422351591464532e-04,
-1.5553437859499417e-04,-3.4654532028564507e-03,7.1004570564560789e-04,1.1595690444115297e-15,-5.4161332661761337e-09,-3.4413563822572826e-04,
-1.5403307375214348e-04,-3.3641323930401882e-03,7.1005168411818437e-04,1.0708143831718339e-15,1.9765992708600270e-09,2.1641168002740861e-04,
-1.5320688315272060e-04,-3.5851806354643035e-03,7.1004564326936277e-04,3.3655596532765148e-16,7.3929959452737108e-09,5.6054716613762481e-04,
-1.5323613642198759e-04,-4.3146982539705812e-03,7.1001763475151563e-04,3.7393821101489987e-16,7.6546012158363745e-09,5.6053262822511676e-04,
-1.5422365206054449e-04,-4.7737067040271881e-03,7.0999368375195058e-04,5.8531156245152248e-16,3.8297450607890168e-09,2.1630899397395584e-04,
-1.5567491109192184e-04,-4.1197067929046732e-03,7.1001774201560821e-04,6.9078232052239723e-16,-3.8227402698284710e-09,-3.4422351591513987e-04,
-1.5553437581473169e-04,-3.4654531999947905e-03,7.1004570838051502e-04,6.7516698828132071e-16,-5.4161342678746063e-09,-3.4413563822554319e-04,
-1.5403307462517901e-04,-3.3641323956039005e-03,7.1005168494115594e-04,9.1131855230691648e-16,1.9765979309109766e-09,2.1641168002606211e-04,
-1.5320688310332066e-04,-3.5851806352346915e-03,7.1004564321877454e-04,4.2966087892678077e-16,7.3929954430740198e-09,5.6054716613768607e-04,
-1.5323613687197467e-04,-4.3146982530491967e-03,7.1001763381821294e-04,1.9191229309250658e-16,7.6546008808935687e-09,5.6053262822503458e-04,
-1.5422365241090429e-04,-4.7737067039791388e-03,7.0999368408502931e-04,8.9639536325977637e-16,3.8297447681832612e-09,2.1630899397419962e-04,
-1.5567491224388591e-04,-4.1197067921630859e-03,7.1001774123202407e-04,7.9272903525246255e-16,-3.8227400939929602e-09,-3.4422351591445688e-04,
-1.5553437490374941e-04,-3.4654531998432382e-03,7.1004570857894874e-04,8.6705153878254246e-16,-5.4161347302125107e-09,-3.4413563822525105e-04,
-1.5403307518220810e-04,-3.3641323925444242e-03,7.1005168171615744e-04,7.6744284716997263e-16,1.9765988405014937e-09,2.1641168002681682e-04,
-1.5320688209468253e-04,-3.5851806358143221e-03,7.1004564286081501e-04,3.7046788103598191e-16,7.3929949677812478e-09,5.6054716613824357e-04,
-1.5323614174138161e-04,-4.3146982542284070e-03,7.1001763354190564e-04,1.9125050918956578e-16,7.6546013142075285e-09,5.6053262822532135e-04,
-1.5422364952520466e-04,-4.7737067036667602e-03,7.0999368444674290e-04,1.6277641876541391e-16,3.8297449758496084e-09,2.1630899397402352e-04,
-1.5567492475038289e-04,-4.1197067938867201e-03,7.1001774025547483e-04,9.5780723104124471e-16,-3.8227396430997357e-09,-3.4422351591556353e-04,
-1.5553437673183847e-04,-3.4654532015054727e-03,7.1004570706890741e-04,5.7414307506841676e-16,-5.4161357950507308e-09,-3.4413563822339956e-04,
-1.5403307713628833e-04,-3.3641323972052974e-03,7.1005168010261979e-04,1.1827790169918387e-15,1.9765997748878429e-09,2.1641168002536288e-04,

