# time   E components   B components   kinetic energy   momentum components 
0 0.48318 9.2831e-27 3.74835e-27 0 0 0 12826.3 1619.94 1599.33 1466.5
0.02 0.48289 6.11443e-06 1.89591e-07 1.06506e-62 3.74808e-37 3.76256e-37 12828.3 1620.61 1599.33 1466.5
0.04 0.482134 2.4449e-05 7.50439e-07 3.73921e-39 3.65667e-12 6.60376e-11 12832.2 1621.74 1599.32 1466.5
0.06 0.480898 5.4947e-05 1.67794e-06 1.78655e-38 3.16994e-11 5.93764e-10 12837.4 1623.03 1599.28 1466.51
0.08 0.479158 9.78273e-05 2.94006e-06 4.90885e-38 1.13568e-10 2.36438e-09 12844.2 1624.6 1599.23 1466.51
0.1 0.476936 0.00015317 4.52302e-06 1.0695e-37 2.79977e-10 6.61433e-09 12852.7 1626.6 1599.17 1466.52
0.12 0.474367 0.000220702 6.47697e-06 2.10197e-37 5.75942e-10 1.50913e-08 12863.2 1629.04 1599.09 1466.53
0.14 0.471449 0.000299987 8.86398e-06 3.73345e-37 1.08069e-09 2.99405e-08 12874.3 1631.56 1598.99 1466.55
0.16 0.468089 0.000390452 1.17151e-05 6.14997e-37 1.88461e-09 5.3697e-08 12886.8 1634.39 1598.87 1466.56
0.18 0.464293 0.000491781 1.50071e-05 9.54418e-37 3.16183e-09 8.9194e-08 12900.8 1637.5 1598.74 1466.58
0.2 0.46006 0.000604202 1.87845e-05 1.42607e-36 5.11122e-09 1.39439e-07 12916 1640.77 1598.59 1466.6
0.22 0.455382 0.000727686 2.28382e-05 2.05563e-36 7.86964e-09 2.07862e-07 12932.3 1644.21 1598.43 1466.62
0.24 0.450221 0.000860326 2.67853e-05 2.87457e-36 1.168e-08 2.98694e-07 12950.4 1647.82 1598.25 1466.64
0.26 0.444567 0.0010018 3.10499e-05 3.96478e-36 1.64907e-08 4.15499e-07 12970 1651.65 1598.06 1466.67
0.28 0.4385 0.00115361 3.59674e-05 5.38312e-36 2.26595e-08 5.61043e-07 12991.4 1655.73 1597.85 1466.7
0.3 0.43208 0.00131537 4.12692e-05 7.22636e-36 3.10522e-08 7.40251e-07 13014.4 1659.98 1597.63 1466.73
0.32 0.425315 0.00148521 4.68835e-05 9.60427e-36 4.22675e-08 9.57089e-07 13039.2 1664.43 1597.39 1466.76
0.34 0.41821 0.00166234 5.27516e-05 1.26655e-35 5.72042e-08 1.21364e-06 13065.5 1669.1 1597.14 1466.79
0.36 0.41075 0.0018468 5.88596e-05 1.66018e-35 7.65671e-08 1.51396e-06 13093.7 1674.08 1596.87 1466.83
0.38 0.402979 0.00203763 6.53748e-05 2.14695e-35 1.00424e-07 1.86076e-06 13123.9 1679.43 1596.6 1466.86
0.4 0.394961 0.00223565 7.21251e-05 2.74203e-35 1.29158e-07 2.25285e-06 13155.8 1685.09 1596.31 1466.9
0.42 0.386689 0.00244333 7.91638e-05 3.46065e-35 1.64172e-07 2.68804e-06 13189 1690.96 1596.01 1466.94
0.44 0.378125 0.00266108 8.66094e-05 4.31981e-35 2.06359e-07 3.17338e-06 13223.3 1697.04 1595.69 1466.98
0.46 0.369289 0.0028876 9.42271e-05 5.33241e-35 2.57352e-07 3.72414e-06 13259.5 1703.42 1595.35 1467.03
0.48 0.360219 0.00312226 0.000101752 6.52702e-35 3.17772e-07 4.35065e-06 13296.7 1710.01 1595 1467.07
0.5 0.35092 0.00336404 0.000109162 7.92868e-35 3.84413e-07 5.06317e-06 13334.9 1716.8 1594.64 1467.12
0.52 0.341426 0.00361215 0.000116634 9.5767e-35 4.55168e-07 5.87103e-06 13374.1 1723.76 1594.27 1467.16
0.54 0.331783 0.00386619 0.000124245 1.15294e-34 5.30751e-07 6.77423e-06 13414.5 1730.98 1593.88 1467.21
0.56 0.32202 0.00412459 0.000131992 1.38562e-34 6.1307e-07 7.77051e-06 13455.4 1738.3 1593.49 1467.27
0.58 0.312145 0.00438572 0.0001397 1.66391e-34 7.07042e-07 8.85484e-06 13497.2 1745.78 1593.08 1467.32
0.6 0.30219 0.00464764 0.000147321 1.99371e-34 8.16353e-07 1.00252e-05 13539.3 1753.31 1592.66 1467.38
0.62 0.292159 0.00491044 0.000155076 2.38252e-34 9.41716e-07 1.12846e-05 13581.7 1760.85 1592.23 1467.43
0.64 0.282041 0.00517484 0.00016314 2.83851e-34 1.07787e-06 1.26318e-05 13624.2 1768.41 1591.79 1467.49
0.66 0.271867 0.00544032 0.000171743 3.37241e-34 1.22201e-06 1.40689e-05 13666.9 1775.96 1591.34 1467.55
0.68 0.261655 0.00570649 0.000180888 3.99145e-34 1.37683e-06 1.55915e-05 13709.5 1783.48 1590.88 1467.61
0.7 0.251404 0.00597303 0.000190353 4.71055e-34 1.5472e-06 1.71904e-05 13752.3 1791.07 1590.41 1467.66
0.72 0.241098 0.00624031 0.000199632 5.5448e-34 1.73863e-06 1.8867e-05 13795.1 1798.68 1589.94 1467.73
0.74 0.230774 0.00650854 0.000208832 6.51177e-34 1.94587e-06 2.06259e-05 13838.2 1806.33 1589.45 1467.79
0.76 0.220495 0.00677868 0.00021866 7.62612e-34 2.16198e-06 2.24629e-05 13881.4 1814.01 1588.95 1467.85
0.78 0.21027 0.00705191 0.000229006 8.91105e-34 2.39758e-06 2.43858e-05 13924.3 1821.66 1588.44 1467.92
0.8 0.200107 0.00732728 0.000239742 1.03948e-33 2.66852e-06 2.64027e-05 13966.8 1829.21 1587.91 1467.98
0.82 0.190056 0.0076028 0.000250469 1.21104e-33 2.9785e-06 2.85237e-05 14008.8 1836.67 1587.38 1468.05
0.84 0.180154 0.00787656 0.000261188 1.40955e-33 3.32605e-06 3.07685e-05 14050 1844 1586.83 1468.12
0.86 0.170433 0.00814654 0.000271522 1.63891e-33 3.71511e-06 3.31547e-05 14090.4 1851.19 1586.28 1468.19
0.88 0.16088 0.00841193 0.000281371 1.90279e-33 4.14202e-06 3.56834e-05 14130 1858.25 1585.72 1468.26
0.9 0.15147 0.00867243 0.000291894 2.20433e-33 4.59176e-06 3.83434e-05 14168.7 1865.19 1585.15 1468.33
0.92 0.142223 0.00892792 0.000302873 2.54762e-33 5.07278e-06 4.11314e-05 14206.8 1872.02 1584.58 1468.4
0.94 0.133159 0.00917773 0.000314328 2.93763e-33 5.58983e-06 4.40473e-05 14244.1 1878.71 1584.01 1468.47
0.96 0.12431 0.00942103 0.000327023 3.37864e-33 6.12177e-06 4.71053e-05 14280.6 1885.27 1583.44 1468.54
0.98 0.115714 0.00965872 0.00034157 3.87829e-33 6.65644e-06 5.03031e-05 14316.1 1891.64 1582.88 1468.61
1 0.107394 0.00989216 0.000357262 4.44395e-33 7.21032e-06 5.36025e-05 14350.3 1897.8 1582.32 1468.67
1.02 0.0993672 0.0101214 0.000372448 5.08024e-33 7.79852e-06 5.69885e-05 14383.3 1903.75 1581.75 1468.74
1.04 0.0916196 0.0103468 0.000386572 5.79387e-33 8.42058e-06 6.04552e-05 14415.2 1909.53 1581.17 1468.81
1.06 0.0841387 0.0105675 0.000400185 6.58699e-33 9.07338e-06 6.40015e-05 14446.1 1915.15 1580.6 1468.89
1.08 0.0769089 0.010783 0.000413814 7.46449e-33 9.77172e-06 6.76342e-05 14475.8 1920.59 1580.04 1468.96
1.1 0.0699592 0.0109938 0.000426892 8.43545e-33 1.05285e-05 7.13747e-05 14504.6 1925.86 1579.5 1469.03
1.12 0.0633208 0.0111996 0.000438197 9.51013e-33 1.13575e-05 7.52799e-05 14532 1930.88 1578.96 1469.11
1.14 0.0569905 0.0113989 0.000446891 1.06949e-32 1.22837e-05 7.93757e-05 14558.2 1935.69 1578.43 1469.18
1.16 0.0509773 0.0115914 0.000453206 1.19918e-32 1.33516e-05 8.36195e-05 14583.1 1940.27 1577.91 1469.26
1.18 0.0453062 0.0117792 0.000458894 1.34105e-32 1.45995e-05 8.79389e-05 14606.8 1944.64 1577.39 1469.33
1.2 0.0399729 0.0119606 0.000465454 1.49575e-32 1.60303e-05 9.23226e-05 14628.9 1948.73 1576.88 1469.41
1.22 0.034942 0.0121347 0.000472946 1.66393e-32 1.76725e-05 9.67659e-05 14649.6 1952.59 1576.38 1469.49
1.24 0.0302424 0.0123028 0.000480875 1.84605e-32 1.95711e-05 0.000101253 14669.2 1956.23 1575.89 1469.57
1.26 0.0259161 0.0124643 0.00048998 2.04309e-32 2.1773e-05 0.000105819 14687.3 1959.63 1575.39 1469.66
1.28 0.0219627 0.0126187 0.000499969 2.25657e-32 2.43287e-05 0.00011054 14703.7 1962.74 1574.9 1469.74
1.3 0.0183727 0.0127653 0.000508719 2.48735e-32 2.72972e-05 0.000115512 14718.6 1965.61 1574.4 1469.82
1.32 0.0151341 0.0129032 0.00051566 2.73643e-32 3.07301e-05 0.000120806 14732.1 1968.23 1573.9 1469.91
1.34 0.0122293 0.0130304 0.000521445 3.00493e-32 3.46433e-05 0.000126461 14744.1 1970.6 1573.41 1470
1.36 0.00965247 0.0131465 0.000526262 3.2948e-32 3.90458e-05 0.000132496 14754.8 1972.72 1572.91 1470.09
1.38 0.00739576 0.0132526 0.000528785 3.60787e-32 4.39335e-05 0.000138918 14764 1974.6 1572.42 1470.18
1.4 0.00545151 0.0133483 0.000529896 3.94592e-32 4.92397e-05 0.000145715 14772 1976.24 1571.94 1470.27
1.42 0.00383102 0.0134343 0.00053135 4.31073e-32 5.48835e-05 0.000152843 14778.6 1977.64 1571.47 1470.36
1.44 0.0025384 0.0135099 0.000530829 4.70569e-32 6.08405e-05 0.00016029 14783.8 1978.8 1570.99 1470.45
1.46 0.00156023 0.0135755 0.000528192 5.13494e-32 6.70451e-05 0.000168051 14787.6 1979.72 1570.52 1470.54
1.48 0.000884669 0.0136311 0.000526164 5.60098e-32 7.33946e-05 0.000176133 14790.1 1980.4 1570.06 1470.64
1.5 0.00050318 0.0136774 0.000525542 6.1076e-32 7.98327e-05 0.0001846 14791.4 1980.86 1569.62 1470.73
1.52 0.000406747 0.0137143 0.000525068 6.66022e-32 8.63565e-05 0.000193504 14791.4 1981.08 1569.2 1470.82
1.54 0.000585543 0.013739 0.000524602 7.26431e-32 9.29905e-05 0.000202855 14790.3 1981.1 1568.78 1470.91
1.56 0.00103063 0.0137541 0.000524704 7.92594e-32 9.98046e-05 0.000212613 14787.9 1980.9 1568.38 1471
1.58 0.00172905 0.0137596 0.000525634 8.6503e-32 0.000106904 0.000222743 14784.4 1980.49 1567.97 1471.09
1.6 0.00266843 0.0137545 0.00052732 9.44229e-32 0.00011434 0.000233155 14779.8 1979.88 1567.57 1471.17
1.62 0.0038416 0.0137429 0.000530925 1.03096e-31 0.000122114 0.000243745 14774.1 1979.07 1567.17 1471.25
1.64 0.00523559 0.0137235 0.000537604 1.12622e-31 0.000130342 0.00025463 14767.3 1978.07 1566.78 1471.32
1.66 0.00683405 0.0136933 0.000546251 1.2308e-31 0.000139203 0.00026593 14759.7 1976.89 1566.41 1471.41
1.68 0.00862273 0.0136547 0.000555396 1.34528e-31 0.000148775 0.000277663 14751 1975.53 1566.03 1471.49
1.7 0.0105889 0.0136063 0.000563588 1.47034e-31 0.000159043 0.000290031 14741.6 1974 1565.66 1471.58
1.72 0.0127191 0.0135469 0.000570028 1.60699e-31 0.00017003 0.000303249 14731.3 1972.29 1565.3 1471.67
1.74 0.0149943 0.0134757 0.000575034 1.75632e-31 0.000181809 0.000317347 14720.2 1970.45 1564.93 1471.75
1.76 0.0173968 0.0133912 0.000577488 1.91932e-31 0.000194425 0.000332218 14708.4 1968.45 1564.55 1471.84
1.78 0.0199149 0.0132964 0.000578742 2.09693e-31 0.000207835 0.000347636 14696.1 1966.34 1564.2 1471.94
1.8 0.0225422 0.0131889 0.000578681 2.29006e-31 0.000221985 0.000363475 14683.2 1964.1 1563.84 1472.03
1.82 0.0252623 0.0130677 0.000576832 2.49932e-31 0.000236816 0.000379429 14669.7 1961.74 1563.49 1472.13
1.84 0.0280633 0.0129359 0.000576649 2.72568e-31 0.00025219 0.000394969 14655.9 1959.28 1563.15 1472.23
1.86 0.0309354 0.0127954 0.000575491 2.97075e-31 0.000268144 0.00040968 14641.5 1956.7 1562.83 1472.34
1.88 0.0338535 0.0126502 0.000570859 3.23612e-31 0.000284689 0.000423127 14626.8 1954.01 1562.53 1472.45
1.9 0.0367936 0.0124976 0.00056384 3.52311e-31 0.000301629 0.000435065 14611.9 1951.24 1562.24 1472.55
1.92 0.0397489 0.0123386 0.000555694 3.83231e-31 0.000318758 0.000445387 14596.6 1948.38 1561.97 1472.65
1.94 0.0427122 0.0121763 0.000547659 4.16436e-31 0.000335944 0.000453949 14581 1945.44 1561.71 1472.75
1.96 0.0456688 0.0120084 0.000539039 4.5204e-31 0.000353196 0.000460681 14565.2 1942.45 1561.44 1472.84
1.98 0.0486368 0.0118344 0.000528688 4.9022e-31 0.000370521 0.000465686 14549.3 1939.4 1561.18 1472.93
2 0.0516019 0.0116565 0.000515483 5.31154e-31 0.000387758 0.000469036 14533.3 1936.3 1560.94 1473.01
2.02 0.0545252 0.0114734 0.000498205 5.74959e-31 0.00040458 0.000470696 14517.3 1933.2 1560.7 1473.1
2.04 0.0573915 0.0112824 0.000478156 6.21722e-31 0.000420606 0.000470845 14501.4 1930.07 1560.48 1473.2
2.06 0.0601629 0.0110856 0.00045759 6.71512e-31 0.00043549 0.000469476 14485.7 1926.93 1560.26 1473.3
2.08 0.0628311 0.0108844 0.000438777 7.24435e-31 0.00044886 0.000466486 14470.2 1923.8 1560.05 1473.4
2.1 0.0654176 0.0106784 0.000421909 7.80659e-31 0.000460288 0.000462054 14454.9 1920.65 1559.84 1473.5
2.12 0.0679056 0.0104678 0.000407107 8.40315e-31 0.000469383 0.00045631 14439.7 1917.51 1559.64 1473.61
2.14 0.070277 0.0102531 0.000396342 9.03515e-31 0.000475797 0.000449177 14424.8 1914.41 1559.44 1473.72
2.16 0.0725202 0.0100317 0.000390412 9.70407e-31 0.000479342 0.000440607 14410.3 1911.33 1559.24 1473.83
2.18 0.0746723 0.00980277 0.000389458 1.04114e-30 0.000480039 0.000430687 14396.2 1908.33 1559.04 1473.94
2.2 0.0767358 0.00957021 0.000394237 1.1159e-30 0.000477732 0.000419472 14382.2 1905.31 1558.86 1474.04
2.22 0.0786454 0.00933828 0.000404971 1.1949e-30 0.000472368 0.000406898 14368.5 1902.31 1558.68 1474.13
2.24 0.0804105 0.00910367 0.000421737 1.27845e-30 0.000464198 0.000392882 14355.2 1899.4 1558.5 1474.22
2.26 0.0820301 0.00886472 0.000443717 1.36691e-30 0.000453366 0.000377762 14342.4 1896.52 1558.33 1474.29
2.28 0.0834651 0.00862338 0.000470562 1.46058e-30 0.00044007 0.000361986 14330 1893.72 1558.16 1474.37
2.3 0.0847489 0.00837821 0.000502964 1.55981e-30 0.000424555 0.000345798 14318.2 1890.99 1557.99 1474.43
2.32 0.0859246 0.00812929 0.000537432 1.66504e-30 0.000407164 0.000329446 14306.8 1888.3 1557.83 1474.49
2.34 0.0869536 0.00787769 0.00057073 1.77669e-30 0.000388438 0.000313228 14295.8 1885.67 1557.69 1474.55
2.36 0.0878164 0.00762506 0.000602967 1.8953e-30 0.000368977 0.000297469 14285.4 1883.11 1557.55 1474.6
2.38 0.0885536 0.00737392 0.000633752 2.02138e-30 0.000349308 0.000282423 14275.6 1880.63 1557.42 1474.65
2.4 0.0891418 0.00712563 0.000661495 2.15546e-30 0.000329771 0.000268285 14266.3 1878.18 1557.29 1474.72
2.42 0.0895513 0.00687615 0.000688137 2.29823e-30 0.000310562 0.000255305 14257.5 1875.82 1557.15 1474.78
2.44 0.089811 0.00662148 0.000716145 2.45047e-30 0.000291994 0.000243825 14249.2 1873.55 1557.04 1474.84
2.46 0.0899177 0.00636227 0.000741179 2.61284e-30 0.000274549 0.000234165 14241.6 1871.34 1556.93 1474.9
2.48 0.0898364 0.00610132 0.000765893 2.78581e-30 0.000258821 0.000226423 14234.5 1869.21 1556.84 1474.96
2.5 0.0895804 0.0058404 0.000792605 2.96979e-30 0.000245205 0.000220629 14228.2 1867.19 1556.76 1475.02
2.52 0.0891841 0.00558126 0.000817499 3.16527e-30 0.000233926 0.00021684 14222.4 1865.26 1556.67 1475.07
2.54 0.0886343 0.0053235 0.000840544 3.37271e-30 0.000225256 0.000215047 14217.2 1863.41 1556.59 1475.13
2.56 0.0879273 0.00506697 0.000860095 3.5925e-30 0.000219452 0.000215333 14212.6 1861.66 1556.5 1475.19
2.58 0.0870821 0.00481049 0.000879871 3.82506e-30 0.000216756 0.00021774 14208.6 1860.01 1556.42 1475.24
2.6 0.0860886 0.00455335 0.00089964 4.07086e-30 0.000217393 0.000222126 14205 1858.44 1556.35 1475.29
2.62 0.0849499 0.00429864 0.000914678 4.33035e-30 0.000221473 0.000228314 14202.1 1856.98 1556.28 1475.33
2.64 0.0836959 0.00404716 0.000926321 4.60391e-30 0.000229033 0.000236136 14199.8 1855.59 1556.23 1475.38
2.66 0.0823212 0.00379782 0.000932862 4.89214e-30 0.000240127 0.000245367 14198 1854.3 1556.17 1475.42
2.68 0.0808266 0.00355374 0.000933311 5.19582e-30 0.000254664 0.000255796 14196.6 1853.08 1556.13 1475.47
2.7 0.0792274 0.00331935 0.000929973 5.5157e-30 0.000272492 0.000267185 14195.8 1851.93 1556.09 1475.52
2.72 0.0775501 0.00309377 0.000924802 5.85246e-30 0.000293401 0.000279302 14195.4 1850.89 1556.06 1475.56
2.74 0.0757764 0.00287391 0.000917503 6.20669e-30 0.000317068 0.000291957 14195.3 1849.92 1556.03 1475.59
2.76 0.0738822 0.00265916 0.000901608 6.57896e-30 0.000343162 0.000304917 14195.8 1849.06 1556.01 1475.62
2.78 0.0718761 0.00245407 0.000879677 6.96996e-30 0.000371132 0.000317983 14196.7 1848.28 1555.98 1475.65
2.8 0.069778 0.00226135 0.000857788 7.3804e-30 0.000400333 0.000330997 14198.2 1847.6 1555.95 1475.69
2.82 0.0676189 0.0020808 0.000837423 7.81085e-30 0.000430282 0.000343834 14200.2 1847.01 1555.92 1475.74
2.84 0.0653905 0.00191014 0.000818816 8.26187e-30 0.000460452 0.00035641 14202.5 1846.51 1555.88 1475.79
2.86 0.0631197 0.00174902 0.000803442 8.73382e-30 0.000490355 0.000368707 14205.2 1846.09 1555.84 1475.84
2.88 0.0608208 0.00159775 0.000792646 9.22709e-30 0.000519599 0.000380656 14208.3 1845.74 1555.81 1475.89
2.9 0.0584734 0.00145436 0.000782971 9.74228e-30 0.000547868 0.000392117 14211.8 1845.53 1555.77 1475.93
2.92 0.0560994 0.0013197 0.000779576 1.02796e-29 0.000574871 0.000402998 14215.8 1845.4 1555.75 1475.98
2.94 0.053707 0.00119685 0.00078671 1.08387e-29 0.000600325 0.000413175 14220 1845.35 1555.73 1476.01
2.96 0.0513122 0.0010886 0.000797315 1.14196e-29 0.000623983 0.00042242 14224.4 1845.37 1555.7 1476.03
2.98 0.0489237 0.000995447 0.000806553 1.20225e-29 0.00064551 0.000430583 14229 1845.42 1555.67 1476.06
3 0.0465267 0.000915461 0.000817044 1.2648e-29 0.000664615 0.00043769 14233.8 1845.53 1555.65 1476.08
3.02 0.0441319 0.000845808 0.000831241 1.32959e-29 0.000681249 0.000443848 14238.7 1845.69 1555.61 1476.11
3.04 0.0417391 0.000788927 0.000851678 1.39658e-29 0.000695342 0.000449061 14243.7 1845.88 1555.58 1476.14
3.06 0.0393403 0.000748434 0.000875668 1.46576e-29 0.000706744 0.000453278 14248.7 1846.13 1555.55 1476.16
3.08 0.0369758 0.000721419 0.000900308 1.53706e-29 0.000715223 0.000456607 14254 1846.44 1555.51 1476.18
3.1 0.0346643 0.000708603 0.000928453 1.6104e-29 0.00072059 0.000459329 14259.2 1846.74 1555.47 1476.21
3.12 0.0323925 0.000709906 0.000960645 1.68568e-29 0.000723188 0.000461745 14264.4 1847.08 1555.42 1476.23
3.14 0.0301759 0.000718908 0.000997217 1.76289e-29 0.000723414 0.000464018 14269.5 1847.45 1555.38 1476.24
3.16 0.0280083 0.000738199 0.00103702 1.84202e-29 0.000721456 0.000466247 14274.7 1847.83 1555.37 1476.26
3.18 0.0259015 0.000768913 0.00108033 1.92312e-29 0.000717559 0.000468588 14279.8 1848.23 1555.35 1476.27
3.2 0.0238572 0.000810699 0.00112757 2.00617e-29 0.000712207 0.000471207 14284.8 1848.64 1555.34 1476.28
3.22 0.0218789 0.000866737 0.00117955 2.09117e-29 0.000705928 0.000474285 14289.6 1849.05 1555.32 1476.28
3.24 0.0199737 0.00093323 0.00123442 2.17812e-29 0.000699022 0.000477923 14294 1849.46 1555.28 1476.24
3.26 0.0181333 0.00100716 0.00129202 2.26699e-29 0.000691629 0.000482128 14298.1 1849.85 1555.25 1476.21
3.28 0.0163653 0.00109116 0.00135609 2.35773e-29 0.000683854 0.000487116 14302 1850.27 1555.22 1476.16
3.3 0.0146866 0.00118531 0.00142864 2.45028e-29 0.000675995 0.000493137 14305.9 1850.68 1555.19 1476.12
3.32 0.0131109 0.00128961 0.00150696 2.54462e-29 0.000668376 0.000500244 14309.6 1851.07 1555.17 1476.08
3.34 0.0116376 0.00140436 0.00158751 2.64072e-29 0.000661528 0.000508376 14312.9 1851.44 1555.14 1476.02
3.36 0.0102653 0.00152712 0.00166916 2.73858e-29 0.000656282 0.000517625 14316 1851.8 1555.13 1475.96
3.38 0.00899136 0.0016602 0.00175011 2.83821e-29 0.000653393 0.000528039 14318.8 1852.14 1555.11 1475.89
3.4 0.00780966 0.00180404 0.00183393 2.93961e-29 0.000653457 0.000539474 14321.3 1852.46 1555.11 1475.81
3.42 0.00671232 0.00195642 0.00191422 3.04281e-29 0.000656871 0.000551668 14323.7 1852.76 1555.12 1475.72
3.44 0.00570565 0.00211939 0.00198786 3.1478e-29 0.000664031 0.000564362 14326 1853.05 1555.14 1475.65
3.46 0.00479927 0.00229355 0.00205852 3.25457e-29 0.000675401 0.000577582 14328.1 1853.32 1555.15 1475.58
3.48 0.00400183 0.00247681 0.00212155 3.36302e-29 0.000691166 0.000591484 14329.9 1853.55 1555.18 1475.5
3.5 0.00330387 0.00266571 0.00217572 3.47298e-29 0.000711417 0.000606124 14331.4 1853.74 1555.22 1475.45
3.52 0.00270204 0.00286121 0.00222715 3.58437e-29 0.000736198 0.000621466 14332.6 1853.92 1555.26 1475.38
3.54 0.00218957 0.00306436 0.00227776 3.69712e-29 0.000765409 0.000637333 14333.3 1854.07 1555.29 1475.29
3.56 0.00176808 0.00327305 0.00232246 3.81112e-29 0.000799032 0.000653543 14333.8 1854.19 1555.34 1475.19
3.58 0.00144868 0.00349029 0.0023621 3.92626e-29 0.0008372 0.000670067 14334.1 1854.27 1555.41 1475.09
3.6 0.00122999 0.0037177 0.00240074 4.04257e-29 0.000879981 0.000686874 14334.1 1854.31 1555.49 1475
3.62 0.00110576 0.00395351 0.00243873 4.16021e-29 0.000927264 0.000703985 14333.8 1854.31 1555.57 1474.89
3.64 0.0010669 0.0041968 0.00247733 4.27933e-29 0.000978948 0.000721407 14333.3 1854.29 1555.65 1474.81
3.66 0.00111718 0.00444925 0.00251781 4.40004e-29 0.00103491 0.000739045 14332.5 1854.23 1555.71 1474.73
3.68 0.00125729 0.00470893 0.00255548 4.52239e-29 0.00109505 0.000756955 14331 1854.15 1555.76 1474.62
3.7 0.00149217 0.00497211 0.00258508 4.64638e-29 0.00115915 0.000775131 14329.3 1854.03 1555.8 1474.53
3.72 0.00181952 0.00524276 0.00260708 4.77201e-29 0.0012268 0.000793337 14327.2 1853.87 1555.84 1474.44
3.74 0.00222663 0.00551967 0.00262602 4.8993e-29 0.0012975 0.000811461 14325 1853.68 1555.87 1474.36
3.76 0.00270636 0.005799 0.0026435 5.02823e-29 0.00137089 0.000829447 14322.4 1853.48 1555.91 1474.27
3.78 0.00324519 0.00608165 0.0026578 5.1588e-29 0.00144672 0.000847164 14319.6 1853.26 1555.94 1474.18
3.8 0.0038472 0.00636772 0.00267443 5.29109e-29 0.00152452 0.000864476 14316.7 1853.01 1555.99 1474.11
3.82 0.00451072 0.00665393 0.00269202 5.42524e-29 0.00160395 0.000881457 14313.6 1852.72 1556.04 1474.04
3.84 0.00522007 0.00694417 0.00271326 5.56133e-29 0.00168461 0.000898242 14310.3 1852.41 1556.1 1473.98
3.86 0.00597913 0.0072425 0.0027454 5.6995e-29 0.00176615 0.000914833 14306.8 1852.08 1556.17 1473.9
3.88 0.00677955 0.00754493 0.00277853 5.83985e-29 0.00184856 0.000931211 14303 1851.74 1556.25 1473.8
3.9 0.00761523 0.00785085 0.0028076 5.9825e-29 0.00193158 0.000947262 14299.2 1851.4 1556.32 1473.7
3.92 0.00848637 0.00815836 0.00284252 6.12755e-29 0.0020147 0.000962921 14295.2 1851.04 1556.39 1473.61
3.94 0.0093885 0.00846498 0.00288652 6.27504e-29 0.00209769 0.000977946 14291 1850.7 1556.47 1473.48
3.96 0.010329 0.00877335 0.00292548 6.425e-29 0.00218034 0.000991977 14286.7 1850.34 1556.55 1473.33
3.98 0.0112987 0.00908467 0.00295783 6.57753e-29 0.002262 0.00100472 14282.4 1849.99 1556.63 1473.22
4 0.0122995 0.00940079 0.00299304 6.73274e-29 0.00234171 0.00101602 14278 1849.61 1556.72 1473.11
4.02 0.0133335 0.00971872 0.00303154 6.89067e-29 0.00241907 0.00102601 14273.4 1849.25 1556.79 1473
4.04 0.0143896 0.0100354 0.00307413 7.05136e-29 0.00249398 0.00103487 14268.9 1848.87 1556.89 1472.89
4.06 0.0154518 0.0103566 0.00311965 7.21492e-29 0.00256615 0.00104278 14264.4 1848.5 1556.99 1472.79
4.08 0.0165177 0.010682 0.00317035 7.38146e-29 0.00263524 0.00105003 14259.8 1848.12 1557.1 1472.7
4.1 0.0175928 0.011004 0.00323009 7.55099e-29 0.00270074 0.00105697 14255.3 1847.74 1557.2 1472.62
4.12 0.0186696 0.0113225 0.00329623 7.72355e-29 0.0027622 0.00106389 14250.7 1847.35 1557.33 1472.52
4.14 0.0197458 0.0116463 0.0033667 7.89921e-29 0.00281931 0.00107097 14245.9 1846.97 1557.46 1472.4
4.16 0.0208003 0.0119718 0.00343844 8.07815e-29 0.00287182 0.00107848 14240.9 1846.59 1557.58 1472.27
4.18 0.0218209 0.0122898 0.00351661 8.26054e-29 0.00291957 0.00108674 14236 1846.26 1557.71 1472.13
4.2 0.0228196 0.0125966 0.00360938 8.44644e-29 0.00296236 0.0010959 14231.3 1845.93 1557.86 1471.98
4.22 0.023795 0.0128922 0.0037156 8.63601e-29 0.00300032 0.00110618 14226.5 1845.6 1558.01 1471.82
4.24 0.0247462 0.0131809 0.00382686 8.82947e-29 0.00303397 0.00111793 14221.9 1845.32 1558.17 1471.63
4.26 0.0256849 0.0134597 0.00393932 9.02704e-29 0.00306402 0.00113135 14217.7 1845.05 1558.35 1471.49
4.28 0.0266123 0.0137271 0.00405674 9.22881e-29 0.00309135 0.00114638 14213.6 1844.82 1558.53 1471.33
4.3 0.0275251 0.0139882 0.00418014 9.43486e-29 0.00311685 0.00116285 14209.6 1844.6 1558.71 1471.16
4.32 0.0283955 0.0142423 0.00430843 9.64531e-29 0.00314147 0.00118064 14205.3 1844.39 1558.89 1470.97
4.34 0.0292136 0.0144857 0.00443842 9.86034e-29 0.0031659 0.0011998 14201.3 1844.21 1559.09 1470.77
4.36 0.029978 0.014716 0.00456659 1.00802e-28 0.00319076 0.0012204 14197.7 1844.05 1559.3 1470.59
4.38 0.0306796 0.0149391 0.00468802 1.03052e-28 0.00321662 0.00124243 14194.4 1843.93 1559.51 1470.41
4.4 0.0313221 0.0151591 0.00480584 1.05357e-28 0.00324382 0.00126577 14191.8 1843.84 1559.76 1470.26
4.42 0.0319185 0.0153723 0.00492231 1.07721e-28 0.00327311 0.00129017 14189.7 1843.76 1560.04 1470.11
4.44 0.0324877 0.0155731 0.00503126 1.10145e-28 0.00330526 0.00131548 14188 1843.71 1560.38 1469.97
4.46 0.0330196 0.0157586 0.00513103 1.12629e-28 0.00334099 0.00134177 14186.8 1843.69 1560.71 1469.87
4.48 0.0335148 0.0159329 0.00522164 1.15174e-28 0.00338081 0.00136897 14186 1843.69 1561.07 1469.8
4.5 0.0339643 0.016093 0.00529762 1.1778e-28 0.00342495 0.00139679 14185.9 1843.72 1561.46 1469.79
4.52 0.0343738 0.0162404 0.00535865 1.20445e-28 0.00347363 0.00142491 14186.6 1843.79 1561.89 1469.81
4.54 0.0347527 0.0163853 0.00540705 1.23167e-28 0.00352711 0.00145307 14187.3 1843.86 1562.32 1469.84
4.56 0.035078 0.0165202 0.00544625 1.25944e-28 0.00358559 0.00148124 14188.3 1843.96 1562.76 1469.88
4.58 0.0353498 0.0166361 0.005487 1.28779e-28 0.00364875 0.00150954 14189.4 1844.08 1563.2 1469.9
4.6 0.0355482 0.016735 0.0055288 1.31672e-28 0.00371613 0.00153795 14190.6 1844.24 1563.66 1469.89
4.62 0.0356732 0.0168217 0.00556379 1.34623e-28 0.00378735 0.0015663 14192.7 1844.44 1564.17 1469.91
4.64 0.0357369 0.0168984 0.00559786 1.37631e-28 0.0038621 0.00159473 14195.3 1844.65 1564.71 1469.93
4.66 0.0357353 0.0169638 0.00563394 1.40694e-28 0.0039401 0.00162334 14198.1 1844.89 1565.25 1469.96
4.68 0.0356981 0.0170158 0.00567103 1.43812e-28 0.00402084 0.00165204 14200.8 1845.16 1565.8 1469.96
4.7 0.0356265 0.0170515 0.00570993 1.46983e-28 0.00410367 0.00168103 14203.6 1845.42 1566.34 1469.96
4.72 0.0355162 0.0170695 0.0057567 1.50205e-28 0.00418785 0.00171033 14206.6 1845.71 1566.87 1469.96
4.74 0.0353615 0.0170718 0.00581382 1.53471e-28 0.00427282 0.00173982 14209.7 1846.02 1567.44 1469.94
4.76 0.0351521 0.0170553 0.0058769 1.56778e-28 0.00435859 0.00176973 14213.2 1846.36 1568.02 1469.91
4.78 0.0348953 0.0170168 0.00593763 1.60123e-28 0.00444483 0.00180017 14217 1846.71 1568.66 1469.87
4.8 0.0345949 0.0169613 0.00598637 1.63503e-28 0.00453074 0.00183123 14221.1 1847.08 1569.3 1469.81
4.82 0.0342603 0.0168928 0.00603036 1.66912e-28 0.00461566 0.00186303 14225.1 1847.44 1569.93 1469.76
4.84 0.0338795 0.0168164 0.0060755 1.70345e-28 0.00469926 0.00189551 14229.6 1847.77 1570.56 1469.8
4.86 0.0334509 0.0167306 0.00612882 1.73797e-28 0.00478096 0.00192846 14234.5 1848.14 1571.18 1469.87
4.88 0.0329752 0.0166357 0.00619092 1.77263e-28 0.00486039 0.00196172 14239.5 1848.52 1571.81 1469.94
4.9 0.0324641 0.0165337 0.00625553 1.80735e-28 0.00493772 0.00199524 14244.8 1848.94 1572.46 1469.97
4.92 0.0319486 0.0164174 0.00631729 1.84203e-28 0.00501307 0.00202913 14249.7 1849.35 1573.12 1469.97
4.94 0.0314311 0.0162807 0.0063755 1.87661e-28 0.00508649 0.00206372 14254.8 1849.76 1573.8 1469.97
4.96 0.0308855 0.0161226 0.00643624 1.91099e-28 0.00515742 0.00209939 14260 1850.19 1574.47 1469.97
4.98 0.030299 0.0159495 0.00649931 1.94514e-28 0.00522494 0.00213632 14265.4 1850.65 1575.15 1469.97
5 0.0296674 0.0157657 0.0065701 1.97906e-28 0.00528828 0.00217445 14270.9 1851.11 1575.81 1470
5.02 0.0289829 0.015571 0.00665267 2.0127e-28 0.00534694 0.00221368 14276.4 1851.61 1576.47 1470.01
5.04 0.0282629 0.0153655 0.00673812 2.04603e-28 0.00540104 0.002254 14282 1852.13 1577.12 1470
5.06 0.0275136 0.0151507 0.00682456 2.07902e-28 0.00545081 0.00229544 14287.6 1852.66 1577.78 1469.98
5.08 0.0267456 0.0149268 0.00691179 2.11166e-28 0.00549644 0.00233813 14293.3 1853.22 1578.44 1469.92
5.1 0.0259493 0.0146942 0.00698923 2.14393e-28 0.00553875 0.00238219 14298.7 1853.81 1579.06 1469.85
5.12 0.0251234 0.0144571 0.0070546 2.17584e-28 0.00557814 0.00242766 14304.4 1854.46 1579.65 1469.77
5.14 0.0242955 0.014211 0.00711595 2.20735e-28 0.00561462 0.00247452 14310 1855.14 1580.21 1469.67
5.16 0.0234726 0.0139498 0.00718061 2.23842e-28 0.00564854 0.00252265 14315.5 1855.84 1580.73 1469.59
5.18 0.0226541 0.0136699 0.00724752 2.26904e-28 0.00568036 0.00257176 14320.8 1856.53 1581.25 1469.49
5.2 0.0218349 0.0133742 0.00731998 2.29918e-28 0.00571036 0.00262139 14326.4 1857.21 1581.79 1469.43
5.22 0.0210149 0.0130721 0.00739058 2.32881e-28 0.00573874 0.00267112 14332.1 1857.89 1582.35 1469.36
5.24 0.0201953 0.0127693 0.00744847 2.3579e-28 0.00576592 0.00272072 14338 1858.57 1582.91 1469.33
5.26 0.0193854 0.0124664 0.00750429 2.38644e-28 0.00579233 0.00276992 14344.2 1859.23 1583.49 1469.35
5.28 0.0185876 0.0121663 0.00755871 2.4144e-28 0.00581814 0.0028184 14350.3 1859.87 1584.07 1469.34
5.3 0.0177969 0.0118721 0.00759447 2.44177e-28 0.00584352 0.00286606 14356 1860.5 1584.63 1469.3
5.32 0.0170148 0.0115779 0.00760973 2.46854e-28 0.00586892 0.00291279 14361.6 1861.1 1585.17 1469.29
5.34 0.0162343 0.0112841 0.00761475 2.49472e-28 0.00589476 0.00295822 14367.1 1861.7 1585.68 1469.28
5.36 0.0154607 0.0109974 0.00762266 2.52032e-28 0.00592126 0.0030022 14372.5 1862.29 1586.18 1469.27
5.38 0.0147054 0.0107171 0.00762617 2.54537e-28 0.0059485 0.00304477 14377.6 1862.85 1586.66 1469.26
5.4 0.0139695 0.0104355 0.00761191 2.56986e-28 0.00597659 0.00308592 14382.6 1863.4 1587.12 1469.23
5.42 0.0132372 0.0101478 0.0075805 2.59375e-28 0.00600578 0.00312538 14387.6 1863.94 1587.58 1469.23
5.44 0.0125176 0.00985831 0.00754609 2.617e-28 0.00603639 0.00316281 14393 1864.49 1588.05 1469.24
5.46 0.0118137 0.00956932 0.0075143 2.6396e-28 0.00606865 0.00319783 14397.9 1864.99 1588.51 1469.23
5.48 0.0111148 0.00928361 0.00747277 2.66152e-28 0.00610266 0.00322982 14403 1865.49 1588.96 1469.24
5.5 0.0104326 0.00899856 0.00741979 2.68272e-28 0.0061388 0.00325829 14408 1865.98 1589.37 1469.28
5.52 0.00977864 0.00871398 0.00736285 2.70318e-28 0.00617742 0.00328295 14412.9 1866.44 1589.74 1469.35
5.54 0.00916445 0.00843552 0.0073012 2.72285e-28 0.00621847 0.00330366 14417.9 1866.86 1590.13 1469.45
5.56 0.00858359 0.00815996 0.00722963 2.74165e-28 0.00626194 0.00332039 14422.6 1867.25 1590.51 1469.55
5.58 0.00802226 0.00788637 0.00714463 2.75952e-28 0.00630775 0.00333317 14427.1 1867.63 1590.87 1469.64
5.6 0.00747418 0.00761694 0.00705883 2.77647e-28 0.00635586 0.003342 14431.7 1868 1591.23 1469.76
5.62 0.00693835 0.00735487 0.0069711 2.7925e-28 0.00640631 0.00334656 14436.2 1868.35 1591.61 1469.85
5.64 0.00641602 0.00709624 0.00687283 2.80762e-28 0.00645907 0.00334675 14440.7 1868.69 1592 1469.95
5.66 0.00591623 0.00683958 0.0067708 2.82186e-28 0.00651429 0.00334283 14445.3 1869.03 1592.39 1470.04
5.68 0.00544904 0.0065898 0.00666939 2.83526e-28 0.00657201 0.00333481 14449.6 1869.38 1592.74 1470.14
5.7 0.00501766 0.00634901 0.006573 2.84784e-28 0.00663233 0.00332286 14453.6 1869.69 1593.08 1470.2
5.72 0.00461681 0.00611706 0.00647487 2.85958e-28 0.00669579 0.00330689 14457.2 1870 1593.39 1470.26
5.74 0.00424679 0.00589428 0.0063706 2.8705e-28 0.00676285 0.00328679 14460.7 1870.3 1593.71 1470.28
5.76 0.00390338 0.00567728 0.00625704 2.88061e-28 0.00683395 0.00326299 14463.9 1870.56 1594.03 1470.29
5.78 0.0035854 0.00546685 0.00613172 2.88997e-28 0.00690915 0.0032357 14467 1870.8 1594.33 1470.31
5.8 0.0032965 0.00526546 0.00599433 2.89864e-28 0.00698829 0.00320493 14469.7 1871.03 1594.6 1470.32
5.82 0.00303177 0.00507474 0.00584988 2.90668e-28 0.0070709 0.00317066 14472.4 1871.26 1594.87 1470.33
5.84 0.00278814 0.00489562 0.00569789 2.91413e-28 0.00715645 0.00313297 14474.9 1871.46 1595.12 1470.34
5.86 0.00256959 0.00472013 0.00553876 2.92101e-28 0.0072444 0.00309224 14477.4 1871.64 1595.35 1470.38
5.88 0.00237532 0.00454756 0.00538095 2.92732e-28 0.00733397 0.00304886 14479.5 1871.79 1595.59 1470.4
5.9 0.0021941 0.00438253 0.00522823 2.93311e-28 0.00742475 0.00300338 14481.6 1871.93 1595.8 1470.44
5.92 0.00202364 0.00422525 0.00508048 2.93843e-28 0.00751658 0.00295622 14483.3 1872.05 1596 1470.44
5.94 0.00186955 0.00407715 0.00493671 2.94336e-28 0.00760918 0.00290744 14484.7 1872.18 1596.17 1470.41
5.96 0.00173542 0.00394096 0.00478893 2.94799e-28 0.00770227 0.00285708 14486 1872.3 1596.32 1470.39
5.98 0.00162272 0.00381995 0.00464478 2.95239e-28 0.00779548 0.00280514 14487.1 1872.4 1596.47 1470.37
6 0.00153197 0.00371556 0.00450824 2.95655e-28 0.00788839 0.00275206 14488 1872.49 1596.6 1470.33
6.02 0.00145047 0.00362246 0.00437197 2.96051e-28 0.00798068 0.00269853 14488.5 1872.57 1596.72 1470.23
6.04 0.00136626 0.00354385 0.00423612 2.96434e-28 0.00807199 0.00264521 14488.6 1872.64 1596.81 1470.12
6.06 0.00128525 0.00348924 0.0041047 2.96808e-28 0.00816167 0.00259262 14488.5 1872.7 1596.88 1470.02
6.08 0.00121424 0.00344914 0.00397985 2.97172e-28 0.00824907 0.00254092 14488.3 1872.73 1596.91 1469.93
6.1 0.0011586 0.00341384 0.00385519 2.97533e-28 0.00833331 0.00249044 14488.2 1872.74 1596.95 1469.88
6.12 0.00112508 0.00338165 0.00373351 2.97899e-28 0.00841324 0.0024418 14488.1 1872.72 1597 1469.85
6.14 0.00110812 0.00335232 0.00362568 2.98274e-28 0.00848783 0.00239548 14487.5 1872.69 1597.03 1469.75
6.16 0.00109717 0.00332753 0.00352566 2.98663e-28 0.0085564 0.0023519 14486.5 1872.64 1597.05 1469.63
6.18 0.00109277 0.00331031 0.00342632 2.99068e-28 0.00861883 0.00231146 14485.4 1872.59 1597.03 1469.54
6.2 0.00109625 0.0033004 0.00333444 2.99497e-28 0.00867435 0.00227436 14484.4 1872.51 1597 1469.48
6.22 0.00110847 0.00329501 0.00325484 2.99955e-28 0.00872236 0.00224047 14483.2 1872.45 1596.96 1469.39
6.24 0.00113208 0.00329965 0.00318964 3.00446e-28 0.00876293 0.00220948 14482.1 1872.37 1596.93 1469.34
6.26 0.00116487 0.00331455 0.00313944 3.00974e-28 0.00879564 0.00218089 14480.7 1872.29 1596.9 1469.25
6.28 0.00120307 0.00334005 0.00310589 3.01543e-28 0.0088195 0.00215439 14479.1 1872.19 1596.87 1469.13
6.3 0.0012462 0.00337668 0.00308428 3.02161e-28 0.00883413 0.00212996 14477.3 1872.08 1596.8 1469.02
6.32 0.00129881 0.00342363 0.00307977 3.02831e-28 0.00883996 0.00210751 14475.4 1871.97 1596.69 1468.94
6.34 0.00136286 0.00348305 0.00309431 3.03557e-28 0.00883724 0.00208665 14473.3 1871.86 1596.56 1468.82
6.36 0.00143872 0.00354785 0.0031187 3.04339e-28 0.00882621 0.00206729 14470.8 1871.74 1596.41 1468.69
6.38 0.00152527 0.00361417 0.00315729 3.05179e-28 0.00880708 0.00204947 14468.1 1871.61 1596.26 1468.53
6.4 0.00161347 0.00368219 0.00321139 3.06077e-28 0.00877946 0.00203312 14465.1 1871.48 1596.09 1468.34
6.42 0.00170473 0.00375129 0.00327906 3.07038e-28 0.00874354 0.0020183 14461.8 1871.35 1595.91 1468.14
6.44 0.00180307 0.00383097 0.00335966 3.08062e-28 0.00869953 0.0020052 14458.3 1871.22 1595.71 1467.9
6.46 0.00189982 0.00392801 0.00345508 3.09147e-28 0.00864736 0.00199391 14454.8 1871.09 1595.48 1467.69
6.48 0.00200232 0.00403921 0.0035724 3.10294e-28 0.00858755 0.0019844 14451.1 1870.95 1595.21 1467.48
6.5 0.00211803 0.00416035 0.00370505 3.11499e-28 0.00852087 0.0019766 14447.4 1870.81 1594.93 1467.29
6.52 0.00223654 0.00429158 0.00384782 3.12761e-28 0.00844807 0.00197073 14443.5 1870.66 1594.64 1467.1
6.54 0.00235461 0.00443189 0.00399661 3.1408e-28 0.00836963 0.00196706 14439.6 1870.5 1594.35 1466.9
6.56 0.00247021 0.00458284 0.00414924 3.15451e-28 0.00828655 0.00196593 14435.8 1870.35 1594.05 1466.71
6.58 0.00258295 0.00474244 0.00431719 3.16868e-28 0.00820023 0.00196741 14431.7 1870.18 1593.72 1466.52
6.6 0.00268988 0.00490985 0.0044892 3.18325e-28 0.00811147 0.00197128 14427.6 1870.04 1593.38 1466.34
6.62 0.00279589 0.00507656 0.00465277 3.19813e-28 0.00802133 0.00197725 14423.3 1869.9 1593 1466.16
6.64 0.00290789 0.00523791 0.00480658 3.21325e-28 0.00793126 0.0019851 14419.1 1869.73 1592.63 1466.01
6.66 0.00301637 0.00540026 0.00494636 3.22852e-28 0.0078427 0.00199495 14414.9 1869.56 1592.24 1465.86
6.68 0.0031198 0.00556285 0.0050742 3.24394e-28 0.00775637 0.00200669 14410.9 1869.38 1591.85 1465.73
6.7 0.00321341 0.0057283 0.00519371 3.25949e-28 0.00767237 0.00202014 14407.1 1869.19 1591.46 1465.63
6.72 0.00329647 0.00590515 0.00530854 3.27515e-28 0.007591 0.00203522 14403.1 1869.01 1591.05 1465.5
6.74 0.00338043 0.00609663 0.00541739 3.29089e-28 0.00751243 0.00205187 14399 1868.85 1590.63 1465.35
6.76 0.00346159 0.00629135 0.00551891 3.30665e-28 0.00743664 0.00207022 14394.6 1868.7 1590.17 1465.18
6.78 0.00353537 0.0064891 0.00562664 3.32239e-28 0.00736343 0.00209006 14390.1 1868.53 1589.71 1464.99
6.8 0.00359896 0.00670267 0.00573896 3.33812e-28 0.00729241 0.00211124 14385.5 1868.37 1589.23 1464.81
6.82 0.00365061 0.00693237 0.00584335 3.35383e-28 0.00722326 0.00213391 14381.2 1868.21 1588.77 1464.64
6.84 0.00368739 0.00717295 0.00593317 3.36949e-28 0.00715555 0.0021581 14377 1868.04 1588.32 1464.51
6.86 0.0037122 0.00741768 0.00601349 3.38509e-28 0.00708895 0.00218379 14372.9 1867.88 1587.85 1464.39
6.88 0.00372436 0.00767008 0.00610114 3.40061e-28 0.00702337 0.00221091 14368.4 1867.72 1587.37 1464.21
6.9 0.00372474 0.00793137 0.00619177 3.41605e-28 0.00695842 0.00223932 14363.8 1867.58 1586.83 1464.06
6.92 0.00371691 0.00819731 0.00627475 3.43142e-28 0.00689365 0.00226889 14359.5 1867.46 1586.29 1463.95
6.94 0.00370444 0.00846672 0.00635172 3.44671e-28 0.00682866 0.00229959 14355.3 1867.33 1585.76 1463.86
6.96 0.00369177 0.00873614 0.00642859 3.46195e-28 0.00676338 0.00233135 14351.3 1867.18 1585.24 1463.8
6.98 0.00367222 0.00900524 0.00650723 3.47717e-28 0.00669775 0.00236401 14347.2 1867.04 1584.72 1463.7
7 0.00364509 0.00927734 0.00658939 3.49243e-28 0.00663111 0.00239732 14343.1 1866.93 1584.18 1463.58
7.02 0.00360936 0.0095479 0.00667905 3.50776e-28 0.00656266 0.00243064 14338.8 1866.82 1583.63 1463.42
7.04 0.00356936 0.00981516 0.006774 3.52318e-28 0.00649152 0.00246334 14334.5 1866.73 1583.08 1463.27
7.06 0.00353615 0.010084 0.00687769 3.53869e-28 0.00641692 0.00249479 14330.3 1866.65 1582.52 1463.13
7.08 0.00350887 0.0103556 0.00699242 3.55436e-28 0.0063378 0.00252441 14326.3 1866.6 1581.98 1462.98
7.1 0.00347892 0.010638 0.00711252 3.57021e-28 0.00625318 0.00255188 14322.7 1866.53 1581.44 1462.87
7.12 0.00344629 0.010934 0.0072394 3.58627e-28 0.00616265 0.00257686 14319.3 1866.46 1580.9 1462.78
7.14 0.00341794 0.0112354 0.00736648 3.60262e-28 0.00606607 0.00259909 14315.8 1866.41 1580.36 1462.67
7.16 0.00339454 0.011542 0.00748795 3.61936e-28 0.00596319 0.00261857 14312.1 1866.36 1579.8 1462.54
7.18 0.00336536 0.0118587 0.00760841 3.6366e-28 0.0058539 0.00263525 14308.6 1866.32 1579.23 1462.45
7.2 0.00333708 0.0121841 0.00772762 3.65446e-28 0.00573858 0.00264938 14305.1 1866.28 1578.62 1462.37
7.22 0.00331318 0.0125169 0.00785267 3.67301e-28 0.00561704 0.00266129 14301.9 1866.22 1578.02 1462.34
7.24 0.00328079 0.0128494 0.00798447 3.69227e-28 0.00548922 0.00267121 14298.8 1866.16 1577.41 1462.33
7.26 0.00324401 0.0131774 0.00811487 3.71231e-28 0.00535561 0.00267955 14295.9 1866.12 1576.79 1462.32
7.28 0.00321515 0.0135089 0.00824492 3.73318e-28 0.00521686 0.00268673 14293.1 1866.11 1576.18 1462.32
7.3 0.00319047 0.0138335 0.00837587 3.75498e-28 0.00507438 0.00269305 14290.5 1866.1 1575.56 1462.34
7.32 0.00316108 0.0141426 0.00850454 3.77779e-28 0.00492922 0.00269868 14288.3 1866.09 1574.95 1462.41
7.34 0.00313211 0.0144444 0.00862342 3.80166e-28 0.0047822 0.00270384 14286.3 1866.1 1574.34 1462.49
7.36 0.00310769 0.0147414 0.00873172 3.82665e-28 0.00463505 0.00270883 14284.7 1866.08 1573.72 1462.65
7.38 0.00307866 0.015033 0.00882548 3.85281e-28 0.00448921 0.002714 14283.3 1866.08 1573.13 1462.79
7.4 0.00304368 0.0153206 0.00890545 3.88023e-28 0.0043456 0.00271952 14282 1866.08 1572.54 1462.94
7.42 0.00301274 0.0156063 0.00898673 3.90901e-28 0.00420501 0.0027255 14280.8 1866.08 1571.97 1463.09
7.44 0.00298399 0.0158805 0.00907193 3.93923e-28 0.004068 0.00273229 14279.3 1866.05 1571.38 1463.23
7.46 0.00294689 0.0161383 0.00914755 3.97091e-28 0.00393521 0.00274027 14277.9 1866.02 1570.8 1463.41
7.48 0.00290564 0.0163849 0.00920251 4.00406e-28 0.00380723 0.00274983 14276.8 1865.99 1570.22 1463.61
7.5 0.00286875 0.0166145 0.00924035 4.03867e-28 0.0036848 0.00276139 14276.1 1865.96 1569.63 1463.86
7.52 0.00283511 0.0168357 0.00926385 4.07474e-28 0.00356897 0.00277522 14275.4 1865.92 1569.07 1464.11
7.54 0.00280136 0.0170527 0.00928569 4.11227e-28 0.00346061 0.00279145 14274.7 1865.91 1568.49 1464.35
7.56 0.00276855 0.0172552 0.00930467 4.15132e-28 0.00336019 0.00281005 14273.9 1865.89 1567.93 1464.55
7.58 0.00273731 0.0174428 0.00930381 4.19194e-28 0.00326834 0.00283086 14273.1 1865.86 1567.35 1464.77
7.6 0.0027016 0.0176129 0.00928385 4.23417e-28 0.00318565 0.00285382 14272.5 1865.84 1566.78 1465
7.62 0.00266673 0.0177707 0.00925041 4.27802e-28 0.00311237 0.00287886 14271.9 1865.83 1566.22 1465.22
7.64 0.00264355 0.017918 0.00920424 4.32348e-28 0.0030486 0.00290589 14271.3 1865.82 1565.65 1465.44
7.66 0.0026252 0.0180558 0.00914154 4.37054e-28 0.00299414 0.00293484 14270.9 1865.78 1565.09 1465.69
7.68 0.00259972 0.0181906 0.00906799 4.41917e-28 0.00294864 0.00296573 14270.3 1865.74 1564.53 1465.91
7.7 0.0025675 0.0183202 0.00898853 4.46929e-28 0.002912 0.00299845 14269.7 1865.72 1563.96 1466.13
7.72 0.00253085 0.0184388 0.00889733 4.52087e-28 0.00288366 0.00303284 14269 1865.7 1563.38 1466.35
7.74 0.00249127 0.0185435 0.00879786 4.57389e-28 0.00286282 0.00306893 14268.4 1865.66 1562.81 1466.58
7.76 0.00245217 0.0186394 0.00868966 4.62836e-28 0.00284881 0.00310682 14267.9 1865.62 1562.25 1466.81
7.78 0.00241938 0.0187182 0.00856508 4.68421e-28 0.0028412 0.00314676 14267.6 1865.57 1561.7 1467.04
7.8 0.00238751 0.0187687 0.00843242 4.74144e-28 0.00283956 0.00318902 14267.2 1865.51 1561.16 1467.27
7.82 0.00235193 0.0187954 0.00829859 4.80005e-28 0.00284322 0.00323361 14266.7 1865.46 1560.65 1467.47
7.84 0.00231988 0.0187968 0.00816228 4.8601e-28 0.00285155 0.00328064 14266.1 1865.42 1560.12 1467.67
7.86 0.00229103 0.0187751 0.00802578 4.92165e-28 0.00286412 0.00333022 14265.5 1865.38 1559.59 1467.86
7.88 0.00226628 0.0187326 0.00788662 4.98474e-28 0.00288077 0.00338219 14265 1865.34 1559.1 1468.05
7.9 0.00224134 0.0186734 0.00774733 5.04934e-28 0.00290141 0.00343635 14264.8 1865.29 1558.65 1468.26
7.92 0.00221978 0.0186051 0.00761138 5.11534e-28 0.0029257 0.00349264 14264.9 1865.23 1558.26 1468.46
7.94 0.00220242 0.018529 0.0074763 5.18275e-28 0.00295355 0.00355107 14265.1 1865.16 1557.88 1468.65
7.96 0.00218464 0.0184457 0.00734329 5.25152e-28 0.00298489 0.00361161 14265.1 1865.08 1557.49 1468.84
7.98 0.00217328 0.0183527 0.00720419 5.32158e-28 0.00301944 0.00367423 14265.1 1865.01 1557.1 1469.02
8 0.00216612 0.0182453 0.00705723 5.39288e-28 0.00305703 0.0037389 14265.1 1864.94 1556.73 1469.21
8.02 0.0021646 0.0181249 0.00690896 5.46532e-28 0.00309738 0.00380559 14265.2 1864.87 1556.34 1469.41
8.04 0.00217278 0.0179989 0.00676101 5.53877e-28 0.00314003 0.00387418 14265.2 1864.8 1555.97 1469.6
8.06 0.00219174 0.0178641 0.00660724 5.61321e-28 0.00318462 0.00394466 14265.1 1864.74 1555.6 1469.77
8.08 0.00222308 0.0177175 0.00644922 5.68861e-28 0.00323085 0.00401706 14265.1 1864.67 1555.27 1469.94
8.1 0.00226254 0.0175648 0.00629716 5.76492e-28 0.00327833 0.00409129 14265 1864.6 1554.96 1470.07
8.12 0.00230599 0.0174022 0.00615053 5.84206e-28 0.00332653 0.00416755 14265 1864.52 1554.65 1470.23
8.14 0.00234825 0.0172168 0.00600724 5.91995e-28 0.00337489 0.00424587 14265.2 1864.45 1554.39 1470.37
8.16 0.00237794 0.0170053 0.00586819 5.99856e-28 0.00342293 0.00432598 14265.5 1864.38 1554.17 1470.5
8.18 0.00239904 0.0167752 0.00573045 6.07788e-28 0.00347043 0.00440766 14266.4 1864.29 1554 1470.67
8.2 0.00241859 0.0165305 0.00559754 6.1579e-28 0.00351717 0.00449066 14267.3 1864.23 1553.85 1470.81
8.22 0.00243969 0.0162821 0.00547484 6.23862e-28 0.00356309 0.00457443 14267.8 1864.17 1553.71 1470.89
8.24 0.00246369 0.0160285 0.005365 6.32003e-28 0.00360841 0.00465866 14268.2 1864.11 1553.55 1470.98
8.26 0.0024846 0.0157609 0.00527172 6.40211e-28 0.00365338 0.00474344 14268.6 1864.05 1553.42 1471.02
8.28 0.00250303 0.0154838 0.00518904 6.4848e-28 0.00369788 0.00482851 14268.8 1864 1553.27 1471.07
8.3 0.00251986 0.015197 0.00511022 6.56798e-28 0.00374163 0.00491362 14269.1 1863.95 1553.12 1471.14
8.32 0.00253016 0.0149004 0.00503126 6.6516e-28 0.00378422 0.00499849 14269.7 1863.88 1552.98 1471.25
8.34 0.00254372 0.0145952 0.00494824 6.73568e-28 0.00382507 0.00508281 14270.8 1863.77 1552.9 1471.42
8.36 0.00256744 0.0142813 0.00486684 6.82022e-28 0.0038636 0.00516638 14272.2 1863.66 1552.85 1471.6
8.38 0.00259482 0.0139579 0.00479027 6.90523e-28 0.00389933 0.00524916 14273.6 1863.56 1552.81 1471.77
8.4 0.00262339 0.0136282 0.00471938 6.99072e-28 0.00393195 0.00533108 14275.2 1863.42 1552.8 1471.98
8.42 0.00264486 0.0132929 0.00465756 7.07665e-28 0.00396116 0.00541193 14276.5 1863.31 1552.76 1472.16
8.44 0.00266133 0.0129462 0.00461263 7.16305e-28 0.00398665 0.00549114 14277.7 1863.19 1552.75 1472.29
8.46 0.0026734 0.0125917 0.00458157 7.24995e-28 0.00400854 0.00556789 14278.8 1863.05 1552.76 1472.43
8.48 0.00268629 0.0122301 0.00455084 7.33731e-28 0.00402688 0.00564168 14279.7 1862.92 1552.77 1472.52
8.5 0.00270458 0.0118649 0.00451779 7.42511e-28 0.0040413 0.00571195 14281.2 1862.78 1552.82 1472.65
8.52 0.00270829 0.0115013 0.00448635 7.5134e-28 0.00405109 0.00577802 14282.6 1862.65 1552.87 1472.76
8.54 0.00268697 0.0111363 0.00445864 7.60216e-28 0.00405527 0.00583954 14284.3 1862.52 1552.95 1472.89
8.56 0.0026471 0.0107742 0.00444347 7.69126e-28 0.00405341 0.00589594 14285.8 1862.39 1553.02 1473.02
8.58 0.00260704 0.0104168 0.00444743 7.78062e-28 0.00404538 0.00594653 14286.9 1862.25 1553.07 1473.11
8.6 0.00257417 0.010062 0.00446476 7.87011e-28 0.00403084 0.00599113 14287.9 1862.12 1553.17 1473.14
8.62 0.00254637 0.00970868 0.00449598 7.95968e-28 0.00400926 0.00602962 14288.9 1861.97 1553.29 1473.18
8.64 0.00252519 0.00936273 0.00454205 8.04928e-28 0.0039801 0.00606158 14289.6 1861.82 1553.39 1473.21
8.66 0.00250009 0.00903211 0.00459739 8.1389e-28 0.00394272 0.00608665 14290.4 1861.66 1553.49 1473.25
8.68 0.00246518 0.00871381 0.00465752 8.22856e-28 0.00389743 0.00610457 14291.3 1861.49 1553.58 1473.33
8.7 0.00242451 0.00840187 0.00472308 8.31836e-28 0.00384492 0.00611471 14292.3 1861.33 1553.66 1473.43
8.72 0.00237805 0.00809539 0.00480056 8.40837e-28 0.00378552 0.00611667 14293.3 1861.15 1553.74 1473.53
8.74 0.00232843 0.00779847 0.00488926 8.49851e-28 0.00371984 0.00611092 14294.1 1860.94 1553.82 1473.62
8.76 0.00228074 0.00751835 0.00497755 8.58854e-28 0.00364903 0.006098 14294.8 1860.72 1553.9 1473.71
8.78 0.00224063 0.00725235 0.00506375 8.67836e-28 0.0035741 0.00607812 14295.2 1860.52 1553.92 1473.8
8.8 0.00220938 0.00699894 0.00515042 8.76781e-28 0.00349558 0.00605149 14295.6 1860.32 1553.98 1473.88
8.82 0.00218332 0.00676377 0.0052398 8.85678e-28 0.00341429 0.00601795 14296 1860.1 1554.04 1473.97
8.84 0.00216088 0.006548 0.00532797 8.94523e-28 0.0033317 0.00597716 14296.8 1859.85 1554.13 1474.08
8.86 0.00213643 0.00634625 0.00540731 9.03308e-28 0.00324904 0.00592919 14297.6 1859.62 1554.22 1474.2
8.88 0.00210889 0.00615426 0.00548203 9.12026e-28 0.00316727 0.0058745 14298.5 1859.39 1554.31 1474.32
8.9 0.00208122 0.00597544 0.00555367 9.20668e-28 0.00308743 0.00581354 14299.4 1859.15 1554.39 1474.46
8.92 0.0020578 0.00581332 0.00562207 9.2923e-28 0.00300988 0.00574682 14300.2 1858.95 1554.47 1474.58
8.94 0.00204176 0.00566644 0.0056942 9.3771e-28 0.00293503 0.00567481 14300.8 1858.72 1554.53 1474.69
8.96 0.00202939 0.00552902 0.00576832 9.46109e-28 0.00286372 0.00559794 14301.5 1858.47 1554.63 1474.8
8.98 0.00202251 0.00539901 0.00583409 9.5443e-28 0.00279681 0.00551656 14302.2 1858.23 1554.73 1474.92
9 0.00202314 0.00528227 0.00588527 9.62677e-28 0.00273561 0.00543107 14302.9 1857.99 1554.82 1475.04
9.02 0.00203116 0.00518048 0.00592376 9.70862e-28 0.00268106 0.00534194 14303.4 1857.76 1554.88 1475.15
9.04 0.00204491 0.00509961 0.00595917 9.78997e-28 0.00263392 0.00524965 14304.1 1857.53 1554.97 1475.29
9.06 0.00206107 0.00504141 0.00599549 9.87087e-28 0.00259485 0.00515462 14304.4 1857.31 1555.02 1475.4
9.08 0.00207546 0.00500304 0.00602937 9.95146e-28 0.00256438 0.00505722 14304.4 1857.08 1555.06 1475.49
9.1 0.00207709 0.00498397 0.00604572 1.00319e-27 0.00254343 0.00495818 14304.2 1856.86 1555.08 1475.58
9.12 0.00206853 0.00496849 0.00604335 1.01124e-27 0.00253333 0.00485822 14303.9 1856.63 1555.09 1475.69
9.14 0.00206115 0.00495472 0.00602761 1.0193e-27 0.00253529 0.00475834 14303.6 1856.42 1555.11 1475.78
9.16 0.0020517 0.00495555 0.00598818 1.02739e-27 0.00254989 0.00465938 14303 1856.2 1555.1 1475.88
9.18 0.00203989 0.00496486 0.00593437 1.03551e-27 0.00257749 0.00456203 14302.5 1855.98 1555.08 1476
9.2 0.00203283 0.00498321 0.00587624 1.04366e-27 0.00261846 0.00446718 14301.7 1855.77 1555.05 1476.08
9.22 0.00203044 0.00501508 0.00580272 1.05183e-27 0.0026732 0.00437566 14300.6 1855.58 1554.97 1476.15
9.24 0.00202531 0.00504964 0.00570068 1.06001e-27 0.00274171 0.0042881 14299.4 1855.38 1554.87 1476.23
9.26 0.00202276 0.00508465 0.00557985 1.06822e-27 0.00282369 0.00420481 14298.3 1855.21 1554.77 1476.29
9.28 0.00202905 0.00512695 0.00544482 1.07645e-27 0.00291855 0.00412602 14296.9 1855.05 1554.67 1476.33
9.3 0.00203717 0.00518002 0.00529638 1.08472e-27 0.00302538 0.0040521 14295.5 1854.86 1554.57 1476.38
9.32 0.00205093 0.00524225 0.00514349 1.09306e-27 0.00314324 0.00398356 14294 1854.67 1554.45 1476.46
9.34 0.0020674 0.00530522 0.00499352 1.10147e-27 0.00327126 0.00392053 14292.7 1854.47 1554.34 1476.56
9.36 0.00208009 0.00537816 0.00484299 1.11e-27 0.00340883 0.00386324 14291 1854.27 1554.2 1476.64
9.38 0.00209064 0.00545386 0.00468763 1.11866e-27 0.00355533 0.00381207 14289 1854.06 1554.02 1476.72
9.4 0.00210028 0.00552639 0.00453119 1.12744e-27 0.0037097 0.00376732 14287 1853.88 1553.87 1476.77
9.42 0.00211559 0.00560128 0.00437135 1.13635e-27 0.00387095 0.00372944 14284.7 1853.7 1553.72 1476.77
9.44 0.00213167 0.00567422 0.00420925 1.1454e-27 0.00403809 0.00369842 14282.5 1853.51 1553.58 1476.77
9.46 0.00215372 0.00575642 0.00405637 1.15462e-27 0.00421012 0.00367429 14280.6 1853.34 1553.49 1476.76
9.48 0.00218667 0.00585856 0.00390862 1.164e-27 0.00438627 0.00365719 14278.4 1853.17 1553.37 1476.71
9.5 0.00222793 0.00597873 0.00375261 1.17356e-27 0.00456569 0.00364707 14275.8 1852.99 1553.23 1476.66
9.52 0.00227717 0.00610633 0.00358837 1.1833e-27 0.00474742 0.003644 14273.1 1852.82 1553.09 1476.61
9.54 0.00232243 0.00623754 0.00341517 1.19324e-27 0.0049302 0.00364781 14270.5 1852.66 1552.93 1476.55
9.56 0.00236258 0.00636865 0.00324047 1.20341e-27 0.00511222 0.00365793 14268.4 1852.51 1552.8 1476.55
9.58 0.00239758 0.00649915 0.00307109 1.2138e-27 0.0052918 0.00367379 14266.4 1852.35 1552.67 1476.55
9.6 0.00242351 0.00663305 0.00291544 1.2244e-27 0.00546729 0.00369547 14264.3 1852.19 1552.52 1476.56
9.62 0.00243946 0.00676371 0.00277882 1.23524e-27 0.00563703 0.00372299 14262.2 1852.06 1552.39 1476.54
9.64 0.00245386 0.00689182 0.00266096 1.24633e-27 0.00579937 0.00375626 14259.9 1851.94 1552.27 1476.48
9.66 0.00247775 0.00703708 0.00256278 1.25768e-27 0.00595333 0.00379493 14257.9 1851.83 1552.17 1476.42
9.68 0.00250943 0.00719605 0.00247698 1.2693e-27 0.00609801 0.00383789 14255.7 1851.72 1552.06 1476.35
9.7 0.00253747 0.00735851 0.00240247 1.2812e-27 0.00623221 0.00388418 14253.9 1851.6 1551.99 1476.29
9.72 0.0025663 0.00753367 0.00234205 1.29339e-27 0.00635514 0.00393309 14252.3 1851.5 1551.92 1476.25
9.74 0.00259899 0.00771958 0.00229663 1.30587e-27 0.00646575 0.00398381 14250.8 1851.4 1551.85 1476.24
9.76 0.00263158 0.00790618 0.00227046 1.31865e-27 0.00656306 0.00403572 14249.1 1851.31 1551.76 1476.2
9.78 0.00267598 0.00810211 0.00225535 1.33172e-27 0.00664676 0.00408844 14247.3 1851.22 1551.67 1476.16
9.8 0.00272348 0.00831383 0.0022551 1.3451e-27 0.0067165 0.00414183 14245.1 1851.11 1551.53 1476.13
9.82 0.00276658 0.00852743 0.00227982 1.35876e-27 0.00677204 0.00419575 14242.9 1851.03 1551.36 1476.12
9.84 0.00280898 0.00874094 0.00232377 1.3727e-27 0.0068138 0.00424978 14240.4 1850.95 1551.19 1476.06
9.86 0.00285177 0.00896639 0.00238165 1.3869e-27 0.00684213 0.00430351 14237.9 1850.84 1551.06 1476
9.88 0.00290696 0.00920729 0.00245052 1.40134e-27 0.00685698 0.00435655 14235.7 1850.74 1550.95 1475.94
9.9 0.00296868 0.00945056 0.00252874 1.41604e-27 0.00685812 0.00440841 14233.4 1850.65 1550.83 1475.87
9.92 0.00302895 0.00969625 0.00261734 1.43096e-27 0.00684564 0.00445825 14231.1 1850.55 1550.75 1475.76
9.94 0.00309467 0.0099512 0.00271933 1.44608e-27 0.00681975 0.00450531 14228.7 1850.43 1550.64 1475.69
9.96 0.00315942 0.0102153 0.00283469 1.46138e-27 0.00678066 0.00454931 14226.5 1850.3 1550.56 1475.62
9.98 0.00322342 0.0104949 0.00295059 1.47685e-27 0.00672873 0.00458993 14223.9 1850.16 1550.48 1475.51
10 0.00329368 0.0107882 0.00306245 1.4925e-27 0.00666471 0.00462688 14221.1 1850 1550.35 1475.43
10.02 0.00335822 0.011096 0.00318177 1.5083e-27 0.00658994 0.00465936 14218.2 1849.84 1550.23 1475.37
10.04 0.00342268 0.0114196 0.00330683 1.5242e-27 0.00650524 0.00468707 14215.3 1849.67 1550.11 1475.29
10.06 0.00348783 0.0117656 0.00343972 1.54021e-27 0.00641117 0.00470997 14212.7 1849.5 1550.01 1475.24
10.08 0.00355213 0.0121318 0.00358663 1.5563e-27 0.0063085 0.0047283 14210.3 1849.32 1549.96 1475.15
10.1 0.00361839 0.0124923 0.00374554 1.57247e-27 0.00619806 0.00474321 14208.1 1849.15 1549.95 1475.08
10.12 0.00366886 0.012853 0.00390877 1.58872e-27 0.00608068 0.00475531 14205.8 1848.97 1549.95 1475
10.14 0.00370531 0.0132269 0.00406961 1.60508e-27 0.00595741 0.00476472 14203.4 1848.81 1549.9 1474.93
10.16 0.00373747 0.0136101 0.00423105 1.62152e-27 0.00582939 0.00477141 14200.8 1848.62 1549.86 1474.85
10.18 0.00376873 0.013999 0.00439173 1.63804e-27 0.00569732 0.00477562 14198.4 1848.46 1549.81 1474.79
10.2 0.00381445 0.0143779 0.00455131 1.65462e-27 0.00556194 0.00477822 14196.3 1848.32 1549.78 1474.74
10.22 0.00387248 0.0147514 0.00472143 1.67126e-27 0.00542408 0.00478035 14194.4 1848.16 1549.8 1474.69
10.24 0.00391711 0.0151252 0.00490614 1.6879e-27 0.00528434 0.00478323 14192.4 1848 1549.84 1474.61
10.26 0.00394705 0.0154857 0.0050937 1.70453e-27 0.00514334 0.00478741 14190.4 1847.85 1549.88 1474.5
10.28 0.00396944 0.0158316 0.00527662 1.72113e-27 0.00500199 0.00479335 14188.4 1847.66 1549.96 1474.41
10.3 0.00398947 0.0161728 0.00545014 1.73766e-27 0.00486178 0.00480164 14186.4 1847.45 1550.05 1474.33
10.32 0.00401605 0.0165097 0.00562059 1.7541e-27 0.00472428 0.004812 14184.6 1847.22 1550.19 1474.24
10.34 0.00404343 0.0168376 0.00578905 1.77043e-27 0.00459041 0.0048242 14183 1847.01 1550.32 1474.17
10.36 0.0040669 0.0171565 0.00595061 1.78662e-27 0.00446105 0.00483816 14181.5 1846.81 1550.48 1474.08
10.38 0.00408417 0.0174662 0.00610102 1.80265e-27 0.00433715 0.00485338 14180 1846.63 1550.63 1473.99
10.4 0.00408726 0.0177829 0.00623626 1.8185e-27 0.00421958 0.00486946 14178.6 1846.47 1550.77 1473.91
10.42 0.00408149 0.0181129 0.0063631 1.83411e-27 0.004109 0.00488615 14177 1846.32 1550.89 1473.84
10.44 0.00407645 0.018441 0.00648967 1.84946e-27 0.00400558 0.00490327 14175.8 1846.17 1551.04 1473.78
10.46 0.00408101 0.0187717 0.0066159 1.86456e-27 0.00390918 0.00492037 14174.6 1846.03 1551.22 1473.69
10.48 0.00409092 0.0191029 0.00673246 1.87939e-27 0.00381991 0.00493693 14173.3 1845.9 1551.4 1473.58
10.5 0.00409989 0.0194264 0.00683239 1.89393e-27 0.0037381 0.00495279 14172.2 1845.77 1551.63 1473.44
10.52 0.00410744 0.0197431 0.00691908 1.90817e-27 0.00366407 0.00496786 14170.8 1845.64 1551.83 1473.31
10.54 0.00410689 0.0200489 0.00699405 1.92208e-27 0.00359787 0.00498247 14169.4 1845.53 1552.03 1473.16
10.56 0.00410147 0.020337 0.00705593 1.93566e-27 0.00353908 0.00499752 14167.9 1845.43 1552.23 1473.01
10.58 0.00410473 0.0206041 0.00710314 1.94892e-27 0.00348712 0.0050138 14166.7 1845.34 1552.43 1472.87
10.6 0.0041125 0.0208518 0.00714066 1.96185e-27 0.00344186 0.00503164 14165.8 1845.3 1552.64 1472.71
10.62 0.00411058 0.0210822 0.0071769 1.97443e-27 0.00340299 0.00505111 14165.1 1845.25 1552.88 1472.54
10.64 0.0041072 0.0212922 0.00720733 1.98664e-27 0.00336984 0.00507249 14164.2 1845.22 1553.14 1472.33
10.66 0.00410937 0.0214786 0.00722121 1.9985e-27 0.00334228 0.00509637 14163.3 1845.17 1553.43 1472.1
10.68 0.00411716 0.0216405 0.00721957 2.01002e-27 0.00332023 0.00512325 14162.5 1845.12 1553.69 1471.91
10.7 0.00413949 0.0217766 0.00721219 2.02119e-27 0.00330314 0.0051531 14161.6 1845.07 1553.95 1471.73
10.72 0.00416857 0.0218916 0.00720503 2.03201e-27 0.00329043 0.00518562 14161.3 1845 1554.25 1471.6
10.74 0.00419625 0.0219976 0.00719871 2.04247e-27 0.00328154 0.00522051 14161.2 1844.91 1554.59 1471.47
10.76 0.00422888 0.0221031 0.00718908 2.05258e-27 0.00327546 0.00525768 14161.4 1844.82 1554.99 1471.36
10.78 0.00426851 0.0222023 0.00717635 2.06233e-27 0.00327158 0.00529653 14161.7 1844.71 1555.41 1471.24
10.8 0.00431936 0.0222962 0.00717077 2.07175e-27 0.00326972 0.00533635 14161.9 1844.61 1555.89 1471.1
10.82 0.00438412 0.0223943 0.00716777 2.08085e-27 0.00326954 0.00537714 14161.9 1844.53 1556.32 1470.93
10.84 0.00445592 0.0224926 0.00716104 2.08962e-27 0.00327084 0.00541929 14161.6 1844.47 1556.71 1470.75
10.86 0.00453025 0.0225769 0.00715638 2.09808e-27 0.0032735 0.00546293 14161.2 1844.43 1557.07 1470.56
10.88 0.00460238 0.0226487 0.00715274 2.10624e-27 0.00327742 0.00550792 14161.3 1844.4 1557.47 1470.37
10.9 0.00467314 0.0227153 0.00714856 2.11408e-27 0.00328254 0.00555432 14161.5 1844.37 1557.9 1470.19
10.92 0.00474812 0.0227579 0.0071426 2.12163e-27 0.00328902 0.00560217 14161.9 1844.37 1558.32 1470.03
10.94 0.00482854 0.022766 0.00713985 2.12889e-27 0.00329679 0.00565118 14162.4 1844.38 1558.8 1469.81
10.96 0.0049139 0.022741 0.00713541 2.13589e-27 0.00330575 0.005701 14162.9 1844.41 1559.25 1469.59
10.98 0.0049961 0.022684 0.00712596 2.14262e-27 0.00331581 0.00575125 14163.5 1844.43 1559.71 1469.39
11 0.00506875 0.0226107 0.00711893 2.1491e-27 0.00332708 0.00580121 14164.4 1844.48 1560.2 1469.17
11.02 0.00513454 0.0225358 0.00711304 2.15534e-27 0.00334009 0.00585043 14165.3 1844.5 1560.69 1468.96
11.04 0.00520218 0.0224542 0.0071039 2.16138e-27 0.00335514 0.0058988 14166.3 1844.51 1561.21 1468.77
11.06 0.00528624 0.0223598 0.00708749 2.16723e-27 0.00337241 0.00594594 14167.3 1844.5 1561.73 1468.58
11.08 0.00538652 0.0222507 0.00707101 2.17293e-27 0.00339214 0.00599132 14168.4 1844.47 1562.25 1468.4
11.1 0.00549662 0.0221332 0.00705291 2.17852e-27 0.00341449 0.00603415 14169.5 1844.45 1562.79 1468.19
11.12 0.00560726 0.02201 0.00703205 2.18402e-27 0.00343956 0.00607423 14170.6 1844.42 1563.34 1468
11.14 0.00570045 0.0218768 0.00701305 2.18946e-27 0.00346702 0.0061117 14172.2 1844.39 1563.93 1467.83
11.16 0.00577022 0.021724 0.00699016 2.19486e-27 0.00349667 0.00614655 14173.7 1844.39 1564.47 1467.67
11.18 0.00583303 0.021554 0.00696714 2.20023e-27 0.00352837 0.00617914 14175.5 1844.44 1565 1467.52
11.2 0.00589748 0.0213837 0.00694006 2.20558e-27 0.00356168 0.00620978 14177.2 1844.49 1565.51 1467.39
11.22 0.00596305 0.0212096 0.0068994 2.21091e-27 0.00359621 0.00623865 14179.2 1844.55 1566.02 1467.27
11.24 0.00603631 0.0210291 0.00686171 2.21622e-27 0.00363112 0.00626581 14181.4 1844.61 1566.55 1467.19
11.26 0.0061079 0.0208388 0.00683126 2.22151e-27 0.00366565 0.00629143 14183.5 1844.68 1567.1 1467.07
11.28 0.00617651 0.0206359 0.00678933 2.22677e-27 0.00369914 0.00631552 14186 1844.75 1567.71 1466.94
11.3 0.00624497 0.0204179 0.00674415 2.23205e-27 0.00373035 0.00633787 14188.6 1844.82 1568.3 1466.85
11.32 0.00631806 0.020184 0.00670241 2.23737e-27 0.00375817 0.0063589 14191.3 1844.91 1568.9 1466.75
11.34 0.00640611 0.0199393 0.00666541 2.24277e-27 0.00378217 0.00637877 14194 1844.99 1569.49 1466.67
11.36 0.00649056 0.0196765 0.00664029 2.24827e-27 0.00380198 0.00639704 14196.7 1845.07 1570.09 1466.57
11.38 0.00656154 0.0193986 0.00661129 2.25385e-27 0.00381672 0.00641321 14199.2 1845.14 1570.71 1466.45
11.4 0.00661948 0.019114 0.00657563 2.25954e-27 0.00382608 0.00642705 14201.9 1845.2 1571.33 1466.36
11.42 0.00666411 0.0188246 0.00654961 2.26535e-27 0.00383052 0.00643857 14205 1845.28 1572 1466.25
11.44 0.00670587 0.0185297 0.00653206 2.27126e-27 0.00383018 0.0064479 14208.1 1845.37 1572.65 1466.15
11.46 0.00675093 0.0182218 0.00652151 2.27724e-27 0.00382518 0.00645491 14210.9 1845.43 1573.28 1466.05
11.48 0.00679542 0.0179031 0.00653289 2.28325e-27 0.00381561 0.00645903 14214 1845.48 1573.95 1465.97
11.5 0.00683129 0.0175791 0.00655743 2.28924e-27 0.0038015 0.00645999 14216.7 1845.51 1574.61 1465.87
11.52 0.00685863 0.0172555 0.00657815 2.29519e-27 0.00378355 0.00645804 14219.7 1845.56 1575.29 1465.79
11.54 0.00687804 0.0169359 0.0065962 2.30112e-27 0.00376296 0.00645304 14223.1 1845.63 1576.01 1465.69
11.56 0.006889 0.0166238 0.00661579 2.30699e-27 0.00374086 0.0064451 14226.5 1845.69 1576.75 1465.59
11.58 0.00688856 0.0163194 0.00664561 2.31275e-27 0.00371864 0.00643509 14229.7 1845.77 1577.43 1465.52
11.6 0.00688281 0.016021 0.0066814 2.31837e-27 0.00369737 0.0064231 14232.9 1845.85 1578.12 1465.41
11.62 0.00687965 0.0157254 0.00671117 2.32385e-27 0.00367808 0.00640898 14236.3 1845.94 1578.81 1465.31
11.64 0.00687757 0.0154324 0.00672896 2.32918e-27 0.00366205 0.00639338 14240 1846.05 1579.48 1465.26
11.66 0.00688492 0.0151373 0.00674881 2.33436e-27 0.00365031 0.00637734 14243.8 1846.17 1580.13 1465.22
11.68 0.00689487 0.0148286 0.0067826 2.33938e-27 0.00364388 0.00636165 14247.5 1846.32 1580.79 1465.12
11.7 0.00688772 0.0145099 0.00681546 2.34422e-27 0.003644 0.00634667 14251.1 1846.47 1581.44 1465.03
11.72 0.00685312 0.0141846 0.00684841 2.34889e-27 0.00365178 0.00633217 14255 1846.64 1582.11 1464.91
11.74 0.00679469 0.0138539 0.00688353 2.35336e-27 0.00366826 0.00631743 14258.8 1846.82 1582.78 1464.78
11.76 0.00673525 0.0135142 0.00691331 2.35765e-27 0.00369457 0.00630226 14262.2 1847.04 1583.41 1464.62
11.78 0.00668091 0.0131654 0.00692832 2.36177e-27 0.00373144 0.00628721 14265.5 1847.26 1584.04 1464.45
11.8 0.00662629 0.0128175 0.00691104 2.36579e-27 0.00377948 0.00627273 14269.1 1847.53 1584.64 1464.29
11.82 0.00657609 0.012476 0.00687441 2.36983e-27 0.00383898 0.00625889 14272.9 1847.8 1585.27 1464.14
11.84 0.00651824 0.0121324 0.00683296 2.37399e-27 0.00390989 0.00624553 14277.2 1848.05 1585.93 1464.04
11.86 0.00644739 0.0117874 0.0067825 2.37834e-27 0.00399227 0.00623243 14281.7 1848.28 1586.65 1463.91
11.88 0.00636816 0.0114396 0.00671738 2.38297e-27 0.00408594 0.00621939 14286.1 1848.54 1587.37 1463.75
11.9 0.00627467 0.0110804 0.00663933 2.388e-27 0.00419062 0.00620661 14290.8 1848.79 1588.09 1463.63
11.92 0.00618978 0.0107272 0.00655395 2.39355e-27 0.00430581 0.00619413 14295.5 1849.07 1588.81 1463.46
11.94 0.00612484 0.0103889 0.0064526 2.39977e-27 0.00443074 0.00618168 14299.7 1849.31 1589.52 1463.28
11.96 0.00605409 0.0100574 0.00633494 2.4068e-27 0.00456434 0.00616943 14303.9 1849.54 1590.19 1463.15
11.98 0.0059801 0.00973197 0.00621136 2.41476e-27 0.00470549 0.0061572 14308 1849.8 1590.8 1463.05
12 0.00590613 0.00941366 0.00608736 2.42374e-27 0.00485294 0.0061447 14312 1850.03 1591.37 1462.99
12.02 0.00581436 0.00910301 0.00596559 2.43387e-27 0.00500554 0.00613147 14315.9 1850.28 1591.91 1462.92
12.04 0.00571485 0.00880038 0.00583843 2.44525e-27 0.0051623 0.00611681 14319.5 1850.53 1592.41 1462.85
12.06 0.00561601 0.00850645 0.00569677 2.45799e-27 0.00532167 0.0061 14323.1 1850.75 1592.92 1462.78
12.08 0.00551021 0.0082267 0.00554646 2.47218e-27 0.00548137 0.00608047 14326.6 1850.95 1593.43 1462.73
12.1 0.0053904 0.00796018 0.00540047 2.48788e-27 0.00563888 0.00605824 14330 1851.14 1593.95 1462.65
12.12 0.00525206 0.00770248 0.00526174 2.50515e-27 0.00579226 0.00603328 14333.2 1851.38 1594.41 1462.55
12.14 0.00510477 0.00745235 0.00513589 2.52404e-27 0.00594007 0.00600519 14336 1851.59 1594.84 1462.41
12.16 0.00495224 0.00721152 0.00503224 2.54462e-27 0.00608077 0.00597387 14338.1 1851.8 1595.23 1462.23
12.18 0.00480008 0.00697928 0.00494742 2.56697e-27 0.00621268 0.00593962 14339.8 1852.02 1595.56 1462.01
12.2 0.00464141 0.00675497 0.00487983 2.59111e-27 0.00633437 0.00590259 14341.5 1852.25 1595.84 1461.82
12.22 0.00447657 0.00654618 0.00482566 2.61708e-27 0.00644482 0.00586259 14343.2 1852.46 1596.14 1461.64
12.24 0.00432384 0.00635067 0.00477578 2.6449e-27 0.00654353 0.00581991 14345.3 1852.66 1596.42 1461.52
12.26 0.0041776 0.00616303 0.00473823 2.67459e-27 0.00662995 0.00577536 14347.5 1852.86 1596.72 1461.4
12.28 0.00403271 0.00598859 0.00472156 2.70612e-27 0.00670341 0.00572937 14349.5 1853.06 1597.02 1461.25
12.3 0.00388217 0.00582821 0.00471565 2.7395e-27 0.00676395 0.00568238 14351 1853.26 1597.28 1461.07
12.32 0.00372332 0.00566629 0.00472194 2.77472e-27 0.00681192 0.00563482 14352.4 1853.48 1597.51 1460.89
12.34 0.00356111 0.00550349 0.00474486 2.81175e-27 0.0068472 0.00558707 14353.3 1853.67 1597.69 1460.7
12.36 0.00338979 0.00534432 0.00478096 2.85059e-27 0.00686969 0.00553948 14354.5 1853.86 1597.88 1460.56
12.38 0.00322036 0.00518714 0.00483217 2.89127e-27 0.00687877 0.0054922 14356 1854.07 1598.07 1460.43
12.4 0.00305951 0.00503681 0.00489416 2.93384e-27 0.00687379 0.00544503 14357.6 1854.28 1598.28 1460.29
12.42 0.00290708 0.00490207 0.00497457 2.97829e-27 0.00685469 0.00539765 14359.4 1854.47 1598.5 1460.19
12.44 0.00276045 0.00478808 0.00507585 3.02464e-27 0.00682186 0.00534978 14360.6 1854.64 1598.67 1460.03
12.46 0.00262045 0.00468448 0.0051989 3.07283e-27 0.00677613 0.00530103 14361.8 1854.81 1598.84 1459.88
12.48 0.0024909 0.00459878 0.00534941 3.12281e-27 0.00671806 0.00525131 14362.5 1854.96 1598.97 1459.7
12.5 0.00236357 0.00453839 0.00551775 3.1746e-27 0.00664878 0.00520062 14362.7 1855.1 1599.06 1459.47
12.52 0.00223704 0.004501 0.00569692 3.22814e-27 0.00656992 0.00514887 14362.7 1855.24 1599.14 1459.24
12.54 0.00212242 0.00448435 0.00587649 3.28333e-27 0.00648288 0.0050962 14362.6 1855.38 1599.18 1459.04
12.56 0.00203175 0.00447978 0.0060485 3.34015e-27 0.00638902 0.00504282 14362.7 1855.5 1599.22 1458.84
12.58 0.00196132 0.0044812 0.00622778 3.39848e-27 0.00628971 0.00498919 14363.1 1855.62 1599.24 1458.69
12.6 0.00189891 0.00449354 0.00642074 3.45821e-27 0.0061865 0.00493612 14363.6 1855.68 1599.29 1458.57
12.62 0.00184215 0.00452327 0.00661769 3.5193e-27 0.00608111 0.00488397 14364.1 1855.75 1599.33 1458.45
12.64 0.0017941 0.00456686 0.00681716 3.58172e-27 0.00597527 0.00483272 14364.3 1855.81 1599.39 1458.31
12.66 0.00175577 0.00462657 0.00701951 3.64544e-27 0.00587112 0.00478285 14364.2 1855.84 1599.43 1458.15
12.68 0.00173016 0.00470627 0.00721385 3.71049e-27 0.00577072 0.00473492 14363.9 1855.87 1599.44 1457.98
12.7 0.00172209 0.00479773 0.00739569 3.77693e-27 0.0056763 0.00468914 14363.3 1855.89 1599.41 1457.83
12.72 0.00172414 0.00489311 0.00757301 3.84478e-27 0.00559018 0.00464579 14362.8 1855.91 1599.37 1457.69
12.74 0.00173044 0.0049933 0.00774209 3.91403e-27 0.00551401 0.00460506 14362.4 1855.91 1599.33 1457.56
12.76 0.00173978 0.0050945 0.00790524 3.98471e-27 0.00544945 0.00456707 14362.2 1855.89 1599.32 1457.44
12.78 0.00175393 0.00519743 0.00806745 4.05683e-27 0.00539773 0.00453192 14362.1 1855.85 1599.34 1457.35
12.8 0.00177505 0.00530237 0.00822554 4.13046e-27 0.00535962 0.0044996 14362 1855.8 1599.33 1457.27
12.82 0.00179995 0.00541276 0.00837378 4.20557e-27 0.00533608 0.00446999 14361.5 1855.73 1599.3 1457.18
12.84 0.00182804 0.00552664 0.00850475 4.28223e-27 0.00532818 0.00444274 14360.4 1855.66 1599.23 1457.07
12.86 0.00186425 0.00564302 0.00861122 4.36048e-27 0.00533674 0.00441724 14359 1855.6 1599.14 1456.91
12.88 0.00190078 0.00576615 0.00868765 4.44034e-27 0.00536214 0.00439269 14357.7 1855.55 1599.02 1456.78
12.9 0.0019415 0.00589723 0.00873073 4.52183e-27 0.00540468 0.00436862 14356.6 1855.51 1598.89 1456.68
12.92 0.00199142 0.00604722 0.00875082 4.605e-27 0.00546454 0.00434453 14355.8 1855.43 1598.75 1456.66
12.94 0.00203333 0.00621944 0.00875024 4.68989e-27 0.00554164 0.00431966 14354.9 1855.35 1598.58 1456.65
12.96 0.0020751 0.00641918 0.00873045 4.7765e-27 0.00563555 0.00429375 14353.9 1855.28 1598.4 1456.62
12.98 0.00212427 0.00664621 0.00869588 4.86482e-27 0.00574584 0.00426658 14352.5 1855.19 1598.19 1456.6
13 0.0021803 0.00688226 0.00863493 4.95482e-27 0.00587183 0.00423798 14350.7 1855.1 1597.92 1456.57
13.02 0.00224537 0.00712176 0.00855212 5.04655e-27 0.00601229 0.00420813 14349 1854.98 1597.65 1456.58
13.04 0.00231131 0.00737322 0.00845894 5.14e-27 0.00616621 0.00417737 14347.1 1854.84 1597.36 1456.6
13.06 0.00237534 0.00764729 0.00835882 5.23518e-27 0.00633301 0.00414586 14344.9 1854.72 1597.02 1456.6
13.08 0.00243316 0.00793827 0.00825164 5.33207e-27 0.00651194 0.00411347 14342.8 1854.6 1596.67 1456.61
13.1 0.00248346 0.00823522 0.00813311 5.43067e-27 0.00670185 0.00408008 14340.3 1854.48 1596.27 1456.61
13.12 0.00253449 0.00855058 0.00800158 5.53098e-27 0.00690113 0.00404514 14337.8 1854.35 1595.84 1456.63
13.14 0.00259268 0.00888165 0.00785238 5.63307e-27 0.00710817 0.00400795 14335.1 1854.22 1595.36 1456.67
13.16 0.00267077 0.00922069 0.00767744 5.73704e-27 0.00732153 0.00396823 14332.7 1854.07 1594.9 1456.75
13.18 0.00276037 0.00957031 0.00748425 5.84291e-27 0.00753926 0.00392589 14330.2 1853.89 1594.45 1456.85
13.2 0.00284397 0.00992366 0.00727801 5.95069e-27 0.00775925 0.00388124 14327.7 1853.74 1593.98 1456.94
13.22 0.00291284 0.0102788 0.00706841 6.06037e-27 0.0079796 0.00383476 14325.1 1853.63 1593.53 1456.94
13.24 0.00296912 0.0106358 0.0068605 6.17195e-27 0.00819848 0.00378672 14322.3 1853.51 1593.06 1456.96
13.26 0.00302685 0.0109941 0.00665476 6.28543e-27 0.00841379 0.0037375 14319.3 1853.39 1592.57 1456.97
13.28 0.00309136 0.0113571 0.00645087 6.40081e-27 0.0086235 0.00368704 14316.7 1853.28 1592.06 1457.02
13.3 0.0031663 0.0117348 0.0062544 6.51813e-27 0.00882585 0.00363502 14314.1 1853.15 1591.55 1457.09
13.32 0.00324942 0.0121285 0.00608022 6.63743e-27 0.00901915 0.0035814 14311.6 1853.01 1591.02 1457.2
13.34 0.00332242 0.01253 0.00592469 6.75873e-27 0.00920288 0.00352607 14309.2 1852.83 1590.52 1457.32
13.36 0.00337656 0.0129352 0.00577075 6.88211e-27 0.00937696 0.003469 14306.4 1852.68 1589.98 1457.42
13.38 0.00341763 0.013345 0.0056162 7.00763e-27 0.00954063 0.00341034 14303.7 1852.53 1589.41 1457.53
13.4 0.00344953 0.0137611 0.00546919 7.13532e-27 0.00969298 0.00335027 14300.5 1852.42 1588.81 1457.58
13.42 0.00348258 0.0141767 0.00532965 7.26518e-27 0.00983284 0.00328884 14297.5 1852.32 1588.19 1457.68
13.44 0.00353148 0.0145948 0.00520066 7.3971e-27 0.00995859 0.00322621 14294.6 1852.19 1587.59 1457.78
13.46 0.00359089 0.0150075 0.00508035 7.53101e-27 0.0100691 0.0031629 14291.5 1852.04 1586.99 1457.9
13.48 0.00365144 0.0154132 0.00496782 7.66683e-27 0.0101639 0.0030996 14288.5 1851.9 1586.38 1458.01
13.5 0.0037043 0.015817 0.00487497 7.80445e-27 0.0102427 0.00303669 14285.3 1851.81 1585.76 1458.07
13.52 0.00374381 0.0162139 0.00480194 7.94372e-27 0.0103058 0.00297401 14282 1851.72 1585.14 1458.11
13.54 0.00378338 0.0166107 0.00473913 8.08457e-27 0.0103538 0.00291107 14278.7 1851.63 1584.5 1458.17
13.56 0.00382437 0.0170182 0.00468581 8.22696e-27 0.0103862 0.00284772 14275.5 1851.5 1583.85 1458.29
13.58 0.00386748 0.0174291 0.00464903 8.37088e-27 0.0104028 0.00278415 14272.4 1851.33 1583.18 1458.47
13.6 0.00390815 0.017836 0.00463077 8.51633e-27 0.0104041 0.0027207 14269.6 1851.18 1582.5 1458.67
13.62 0.00393273 0.018248 0.00462509 8.66334e-27 0.010391 0.00265814 14266.5 1851.06 1581.81 1458.83
13.64 0.00394808 0.0186588 0.0046365 8.81191e-27 0.0103646 0.00259713 14263.1 1850.92 1581.1 1458.95
13.66 0.00396143 0.0190598 0.00466846 8.96198e-27 0.010326 0.00253807 14259.6 1850.77 1580.39 1459.07
13.68 0.00397869 0.0194583 0.00472176 9.11348e-27 0.0102759 0.00248161 14256.1 1850.63 1579.69 1459.16
13.7 0.00400964 0.0198527 0.00480049 9.26639e-27 0.0102158 0.0024284 14252.6 1850.5 1578.95 1459.26
13.72 0.00405019 0.0202258 0.00490123 9.42069e-27 0.0101468 0.00237926 14249.1 1850.37 1578.2 1459.37
13.74 0.00408807 0.0205734 0.00501733 9.57636e-27 0.0100701 0.00233512 14245.9 1850.21 1577.51 1459.5
13.76 0.00411396 0.020902 0.00514896 9.73348e-27 0.00998751 0.00229665 14242.7 1850.07 1576.85 1459.59
13.78 0.00412455 0.0212156 0.00528991 9.89204e-27 0.00990078 0.00226436 14239.8 1849.95 1576.19 1459.69
13.8 0.0041302 0.0215143 0.00543392 1.0052e-26 0.00981161 0.00223858 14237.1 1849.84 1575.51 1459.83
13.82 0.00413476 0.0217873 0.0055805 1.02133e-26 0.00972164 0.00221975 14234.1 1849.71 1574.82 1459.95
13.84 0.00414143 0.0220305 0.00572653 1.03759e-26 0.00963242 0.0022084 14231.4 1849.59 1574.14 1460.09
13.86 0.0041538 0.0222559 0.00587228 1.05398e-26 0.00954551 0.00220457 14228.9 1849.46 1573.48 1460.24
13.88 0.004168 0.0224703 0.00600577 1.07051e-26 0.00946194 0.00220776 14226.6 1849.34 1572.85 1460.38
13.9 0.00417932 0.0226686 0.00611098 1.08717e-26 0.00938276 0.00221728 14224.6 1849.26 1572.2 1460.55
13.92 0.00417987 0.0228435 0.00621198 1.10396e-26 0.00930932 0.00223255 14223.1 1849.2 1571.59 1460.75
13.94 0.00416424 0.0230096 0.00630923 1.12087e-26 0.00924238 0.00225324 14221.4 1849.18 1570.98 1460.9
13.96 0.00413694 0.0231716 0.00638763 1.13792e-26 0.00918267 0.00227899 14219.6 1849.19 1570.3 1461.06
13.98 0.00411525 0.0233186 0.0064614 1.15509e-26 0.00913079 0.00230936 14218 1849.22 1569.6 1461.25
14 0.00410445 0.0234509 0.00653084 1.17236e-26 0.00908649 0.00234368 14216.2 1849.24 1568.9 1461.43
