1
1
6
0
(24 0
((0,0,0) (3,3,3) (0,0,0))
((20,0,0) (23,3,3) (0,0,0))
((16,0,0) (19,3,3) (0,0,0))
((12,0,0) (15,3,3) (0,0,0))
((8,0,0) (11,3,3) (0,0,0))
((4,0,0) (7,3,3) (0,0,0))
((0,4,0) (3,7,3) (0,0,0))
((20,4,0) (23,7,3) (0,0,0))
((16,4,0) (19,7,3) (0,0,0))
((12,4,0) (15,7,3) (0,0,0))
((8,4,0) (11,7,3) (0,0,0))
((4,4,0) (7,7,3) (0,0,0))
((0,0,4) (3,3,7) (0,0,0))
((20,0,4) (23,3,7) (0,0,0))
((16,0,4) (19,3,7) (0,0,0))
((12,0,4) (15,3,7) (0,0,0))
((8,0,4) (11,3,7) (0,0,0))
((4,0,4) (7,3,7) (0,0,0))
((0,4,4) (3,7,7) (0,0,0))
((20,4,4) (23,7,7) (0,0,0))
((16,4,4) (19,7,7) (0,0,0))
((12,4,4) (15,7,7) (0,0,0))
((8,4,4) (11,7,7) (0,0,0))
((4,4,4) (7,7,7) (0,0,0))
)
24
FabOnDisk: Cell_D_00000 0
FabOnDisk: Cell_D_00002 0
FabOnDisk: Cell_D_00002 3160
FabOnDisk: Cell_D_00001 0
FabOnDisk: Cell_D_00001 3160
FabOnDisk: Cell_D_00000 3158
FabOnDisk: Cell_D_00000 6316
FabOnDisk: Cell_D_00003 0
FabOnDisk: Cell_D_00003 3160
FabOnDisk: Cell_D_00001 6319
FabOnDisk: Cell_D_00001 9479
FabOnDisk: Cell_D_00000 9474
FabOnDisk: Cell_D_00000 12632
FabOnDisk: Cell_D_00003 6320
FabOnDisk: Cell_D_00003 9480
FabOnDisk: Cell_D_00002 6320
FabOnDisk: Cell_D_00002 9480
FabOnDisk: Cell_D_00000 15790
FabOnDisk: Cell_D_00001 12638
FabOnDisk: Cell_D_00003 12640
FabOnDisk: Cell_D_00003 15800
FabOnDisk: Cell_D_00002 12639
FabOnDisk: Cell_D_00002 15799
FabOnDisk: Cell_D_00001 15796

24,6
-4.2646636446410132e-05,-1.1374462890911265e-03,1.9604730994421293e-04,-4.5587207174329311e-18,1.5224926120790025e-11,5.8999289722961256e-04,
-4.2647734683494969e-05,-1.3601456678049458e-03,1.9604674458814503e-04,-4.7433698077046655e-18,2.3626944598768222e-11,5.8999359077728227e-04,
-4.2757265022763782e-05,-1.3945948957082516e-03,1.9604660969870104e-04,-4.6980354610085233e-18,-7.3191455687871941e-12,-3.7088485354111082e-04,
-4.2824015574880417e-05,-1.3192719320753844e-03,1.9604671759390009e-04,-8.1431397086883540e-18,-3.0946297951996081e-11,-9.6087844492956842e-04,
-4.2823889009019890e-05,-1.0708782553320551e-03,1.9604726638256119e-04,-9.6909848495048019e-18,-3.2328869804557927e-11,-9.6087855929930140e-04,
-4.2756133982342746e-05,-9.1474104036834837e-04,1.9604775808927940e-04,-6.4994140553383417e-18,-1.7104468152152017e-11,-3.7088566235216346e-04,
-4.2646643657960384e-05,-1.1374462891729526e-03,1.9604730958596976e-04,-1.4009725792794963e-17,1.5224922965628059e-11,5.8999289722960020e-04,
-4.2647731016852167e-05,-1.3601456684468381e-03,1.9604674432784864e-04,-1.1030649299214217e-17,2.3626944268269297e-11,5.8999359077729083e-04,
-4.2757264453886196e-05,-1.3945948946857769e-03,1.9604660860911603e-04,-1.2809254158338512e-17,-7.3191939946713190e-12,-3.7088485354112562e-04,
-4.2824007395640431e-05,-1.3192719311973006e-03,1.9604671661043206e-04,-1.3583942494862154e-17,-3.0946313379512143e-11,-9.6087844492954099e-04,
-4.2823876270766573e-05,-1.0708782574528847e-03,1.9604726463311092e-04,-1.4599879817017118e-17,-3.2328848309240186e-11,-9.6087855929921488e-04,
-4.2756137126323997e-05,-9.1474104029565760e-04,1.9604775848518720e-04,-1.3851894789232957e-17,-1.7104500273692252e-11,-3.7088566235215413e-04,
-4.2646643758378037e-05,-1.1374462896200895e-03,1.9604731111725810e-04,-7.0297149047146692e-18,1.5224905564609047e-11,5.8999289722961050e-04,
-4.2647731387649392e-05,-1.3601456683283099e-03,1.9604674560634748e-04,-8.8672567910815106e-18,2.3626921400402307e-11,5.8999359077729701e-04,
-4.2757264521478185e-05,-1.3945948960011108e-03,1.9604660965193602e-04,-5.6778807221208600e-18,-7.3191605000965220e-12,-3.7088485354112085e-04,
-4.2824007727237533e-05,-1.3192719326294579e-03,1.9604671909330193e-04,-1.1629968286511582e-17,-3.0946341622314007e-11,-9.6087844492953676e-04,
-4.2823874444167663e-05,-1.0708782572072977e-03,1.9604726477217348e-04,-1.0976246712469081e-17,-3.2328886203538068e-11,-9.6087855929927906e-04,
-4.2756136917604894e-05,-9.1474104105948898e-04,1.9604775795675736e-04,-1.4242694984094795e-17,-1.7104473072482359e-11,-3.7088566235217105e-04,
-4.2646650904530434e-05,-1.1374462882784290e-03,1.9604731155742431e-04,-1.4445545325836680e-17,1.5224901371683700e-11,5.8999289722959012e-04,
-4.2647729724434199e-05,-1.3601456671917332e-03,1.9604674645417165e-04,-1.2328488219819339e-17,2.3626911931141739e-11,5.8999359077732715e-04,
-4.2757253940983324e-05,-1.3945948952032460e-03,1.9604661078065336e-04,-1.5156368362744807e-17,-7.3191926236049780e-12,-3.7088485354110903e-04,
-4.2824010595771780e-05,-1.3192719314298834e-03,1.9604671920927320e-04,-1.3609070981980123e-17,-3.0946339989771189e-11,-9.6087844492953817e-04,
-4.2823868009598267e-05,-1.0708782546690800e-03,1.9604726793847566e-04,-1.6894862552546085e-17,-3.2328910206285187e-11,-9.6087855929917997e-04,
-4.2756149004877103e-05,-9.1474104011329859e-04,1.9604775856548460e-04,-1.2860175023380078e-17,-1.7104490832445095e-11,-3.7088566235217723e-04,

24,6
-4.2604822832118834e-05,-9.5560886145509177e-04,1.9604773456993185e-04,1.5332902663175184e-17,3.0946721862510590e-11,9.6087844486841627e-04,
-4.2604994008873469e-05,-1.2040025362789598e-03,1.9604718589346333e-04,1.5900092388297353e-17,3.2329004785623950e-11,9.6087855891100978e-04,
-4.2672753366865352e-05,-1.3601397568137651e-03,1.9604669267977285e-04,1.3956973887470293e-17,1.7103940060062099e-11,3.7088566206995523e-04,
-4.2782107466977345e-05,-1.1374344950372053e-03,1.9604714672469622e-04,1.6733739045243466e-17,-1.5224478327185288e-11,-5.8999289655884790e-04,
-4.2781187070142914e-05,-9.1473513097068738e-04,1.9604770923034806e-04,2.3121486390926550e-17,-2.3627464793934459e-11,-5.8999359132729380e-04,
-4.2671534512616038e-05,-8.8028590701398895e-04,1.9604784481577238e-04,1.9616569167072413e-17,7.3193705974364821e-12,3.7088485415256105e-04,
-4.2604817351109823e-05,-9.5560886396886503e-04,1.9604773509451312e-04,9.0199425105240371e-18,3.0946712138702765e-11,9.6087844486842690e-04,
-4.2604996035909974e-05,-1.2040025379070950e-03,1.9604718750892798e-04,9.1784471817706939e-18,3.2329002301166114e-11,9.6087855891101087e-04,
-4.2672761770509832e-05,-1.3601397602612836e-03,1.9604669321933077e-04,6.5560783061715190e-18,1.7103939955288171e-11,3.7088566206992763e-04,
-4.2782110348016536e-05,-1.1374345016962352e-03,1.9604714302937957e-04,1.3133782416463532e-17,-1.5224482526958956e-11,-5.8999289655888953e-04,
-4.2781186768073069e-05,-9.1473513255786233e-04,1.9604770925504494e-04,1.0237467195499950e-17,-2.3627422406517477e-11,-5.8999359132728925e-04,
-4.2671529877113011e-05,-8.8028590593054073e-04,1.9604784317549300e-04,8.6086133052469050e-18,7.3193410090472697e-12,3.7088485415257835e-04,
-4.2604817521701262e-05,-9.5560886053506371e-04,1.9604773262467314e-04,1.3720259270162041e-17,3.0946721239987372e-11,9.6087844486844522e-04,
-4.2604997692739541e-05,-1.2040025344830410e-03,1.9604718470739351e-04,1.4536535927457436e-17,3.2328992305016168e-11,9.6087855891102702e-04,
-4.2672762345548356e-05,-1.3601397586620828e-03,1.9604669094755502e-04,1.5058788944746718e-17,1.7103918648757623e-11,3.7088566206995669e-04,
-4.2782111766351780e-05,-1.1374344991053843e-03,1.9604714116369144e-04,1.4291854038951065e-17,-1.5224489746491955e-11,-5.8999289655883044e-04,
-4.2781185938106664e-05,-9.1473513073334512e-04,1.9604770869436892e-04,2.1228257788370053e-17,-2.3627429891571223e-11,-5.8999359132727092e-04,
-4.2671531637368065e-05,-8.8028590309556531e-04,1.9604784152947528e-04,1.6514473855592851e-17,7.3193680375122940e-12,3.7088485415258014e-04,
-4.2604812468320622e-05,-9.5560886272398539e-04,1.9604773338621892e-04,1.4657022984414251e-17,3.0946712590287558e-11,9.6087844486845639e-04,
-4.2605006979250554e-05,-1.2040025378276312e-03,1.9604718433692808e-04,1.3972851934749422e-17,3.2329008112802816e-11,9.6087855891101954e-04,
-4.2672766395597681e-05,-1.3601397587486325e-03,1.9604669174029505e-04,1.0747006185079467e-17,1.7103904974250119e-11,3.7088566206994113e-04,
-4.2782128775246127e-05,-1.1374345056980274e-03,1.9604713673377892e-04,1.4782991938340743e-17,-1.5224449490385890e-11,-5.8999289655888606e-04,
-4.2781175753133864e-05,-9.1473513195766503e-04,1.9604770929440278e-04,1.5180721536445290e-17,-2.3627439960760939e-11,-5.8999359132722376e-04,
-4.2671523683136886e-05,-8.8028590984200205e-04,1.9604784180517662e-04,1.9087290188420722e-17,7.3193613400964153e-12,3.7088485415258290e-04,

