1
1
6
0
(24 0
((0,0,0) (3,3,3) (0,0,0))
((20,0,0) (23,3,3) (0,0,0))
((16,0,0) (19,3,3) (0,0,0))
((12,0,0) (15,3,3) (0,0,0))
((8,0,0) (11,3,3) (0,0,0))
((4,0,0) (7,3,3) (0,0,0))
((0,4,0) (3,7,3) (0,0,0))
((20,4,0) (23,7,3) (0,0,0))
((16,4,0) (19,7,3) (0,0,0))
((12,4,0) (15,7,3) (0,0,0))
((8,4,0) (11,7,3) (0,0,0))
((4,4,0) (7,7,3) (0,0,0))
((0,0,4) (3,3,7) (0,0,0))
((20,0,4) (23,3,7) (0,0,0))
((16,0,4) (19,3,7) (0,0,0))
((12,0,4) (15,3,7) (0,0,0))
((8,0,4) (11,3,7) (0,0,0))
((4,0,4) (7,3,7) (0,0,0))
((0,4,4) (3,7,7) (0,0,0))
((20,4,4) (23,7,7) (0,0,0))
((16,4,4) (19,7,7) (0,0,0))
((12,4,4) (15,7,7) (0,0,0))
((8,4,4) (11,7,7) (0,0,0))
((4,4,4) (7,7,7) (0,0,0))
)
24
FabOnDisk: Cell_D_00000 0
FabOnDisk: Cell_D_00002 0
FabOnDisk: Cell_D_00002 3160
FabOnDisk: Cell_D_00001 0
FabOnDisk: Cell_D_00001 3160
FabOnDisk: Cell_D_00000 3158
FabOnDisk: Cell_D_00000 6316
FabOnDisk: Cell_D_00003 0
FabOnDisk: Cell_D_00003 3160
FabOnDisk: Cell_D_00001 6319
FabOnDisk: Cell_D_00001 9479
FabOnDisk: Cell_D_00000 9474
FabOnDisk: Cell_D_00000 12632
FabOnDisk: Cell_D_00003 6320
FabOnDisk: Cell_D_00003 9480
FabOnDisk: Cell_D_00002 6320
FabOnDisk: Cell_D_00002 9480
FabOnDisk: Cell_D_00000 15790
FabOnDisk: Cell_D_00001 12638
FabOnDisk: Cell_D_00003 12640
FabOnDisk: Cell_D_00003 15800
FabOnDisk: Cell_D_00002 12639
FabOnDisk: Cell_D_00002 15799
FabOnDisk: Cell_D_00001 15796

24,6
-2.0268618728341243e-04,-5.3633753803000042e-03,9.2444863304016371e-04,-3.3019845906580848e-15,-1.3192593489777124e-07,1.0939425449660509e-04,
-1.9900973120676792e-04,-6.0030883792253293e-03,9.2319065921254257e-04,-2.9138936601917120e-15,-1.3184270665705729e-07,1.0913712591282850e-04,
-2.0260989439517595e-04,-6.1020028863049934e-03,9.2428552872690151e-04,-2.5380748053752333e-15,-8.8879084262698357e-09,-6.8808273902446360e-05,
-2.0407077583986196e-04,-5.8853778459577715e-03,9.2430214706204614e-04,-2.5095390901703008e-15,-3.3374529835440141e-08,-1.7807140019090401e-04,
-2.0402606518535798e-04,-5.1715523482109118e-03,9.2438020415300194e-04,-2.9850759804159864e-15,-3.4571721536798376e-08,-1.7804905925556788e-04,
-2.0223502023926994e-04,-4.7232774116695263e-03,9.2444755641339703e-04,-3.2133271122993310e-15,-1.7353337515052500e-08,-6.8649104364259164e-05,
-2.0268618540261832e-04,-5.3633753798344209e-03,9.2444863280538028e-04,-9.4482410459908997e-15,-1.3192593385059139e-07,1.0939425449911256e-04,
-1.9900972747895267e-04,-6.0030883794882145e-03,9.2319065868631030e-04,-8.4065412546103494e-15,-1.3184270941263141e-07,1.0913712591491211e-04,
-2.0260989408910898e-04,-6.1020028848370383e-03,9.2428552788004637e-04,-7.8839684859598194e-15,-8.8879147429754913e-09,-6.8808273904114365e-05,
-2.0407076827370403e-04,-5.8853778446303125e-03,9.2430214608528146e-04,-7.5068212884795721e-15,-3.3374534980932130e-08,-1.7807140018858114e-04,
-2.0402605195213820e-04,-5.1715523499063490e-03,9.2438020251981530e-04,-9.5497823471784409e-15,-3.4571720073288530e-08,-1.7804905925810659e-04,
-2.0223502302038154e-04,-4.7232774111602028e-03,9.2444755680853809e-04,-8.7956216648016674e-15,-1.7353338987274593e-08,-6.8649104367768388e-05,
-2.0268618605855264e-04,-5.3633753807671445e-03,9.2444863444448775e-04,-6.2291042431469494e-15,-1.3192593224817738e-07,1.0939425449629993e-04,
-1.9900972777666705e-04,-6.0030883798484775e-03,9.2319065973958442e-04,-5.9277874763754252e-15,-1.3184271933231250e-07,1.0913712591364661e-04,
-2.0260989415009351e-04,-6.1020028865629338e-03,9.2428552896869865e-04,-4.8578466921497379e-15,-8.8879112636878264e-09,-6.8808273905411504e-05,
-2.0407076873431117e-04,-5.8853778465128353e-03,9.2430214873564424e-04,-4.7387817692112343e-15,-3.3374532692335392e-08,-1.7807140018508946e-04,
-2.0402605029237817e-04,-5.1715523500407744e-03,9.2438020272922320e-04,-6.3460963260970351e-15,-3.4571716650366060e-08,-1.7804905925558988e-04,
-2.0223502264328131e-04,-4.7232774124057828e-03,9.2444755670516602e-04,-6.3736291361875421e-15,-1.7353331490712209e-08,-6.8649104364458251e-05,
-2.0268618459295864e-04,-5.3633753789091819e-03,9.2444863486069063e-04,-1.0875036248958608e-14,-1.3192593002526895e-07,1.0939425449748511e-04,
-1.9900972607711100e-04,-6.0030883782362385e-03,9.2319066049024795e-04,-1.0080730074367414e-14,-1.3184272125740002e-07,1.0913712591741576e-04,
-2.0260988374489288e-04,-6.1020028852665680e-03,9.2428553001535653e-04,-9.4383545865678397e-15,-8.8879210704942653e-09,-6.8808273908551259e-05,
-2.0407077111325253e-04,-5.8853778449857964e-03,9.2430214856637275e-04,-9.5143583420886605e-15,-3.3374534413607111e-08,-1.7807140018622554e-04,
-2.0402604423870211e-04,-5.1715523470451351e-03,9.2438020588368579e-04,-1.0754054556853124e-14,-3.4571717292573590e-08,-1.7804905925766342e-04,
-2.0223503308178351e-04,-4.7232774109330104e-03,9.2444755687704297e-04,-1.0847026295827606e-14,-1.7353332895358033e-08,-6.8649104367256753e-05,

24,6
-1.9957069424702791e-04,-4.8408215635227757e-03,9.2554882172745051e-04,9.7127371673186806e-15,1.8974566936822868e-07,1.7820501067438056e-04,
-1.9557969764118409e-04,-5.5545064729139778e-03,9.2429094936255908e-04,1.0332588498576057e-14,1.8977357381921689e-07,1.7806092203761440e-04,
-2.0060121939589231e-04,-6.0028656326933808e-03,9.2429118967725398e-04,9.7037011183135291e-15,9.7576465483374971e-09,6.8642376534681768e-05,
-2.0317802419208026e-04,-5.3627923469698902e-03,9.2435813704949622e-04,1.1277654148575349e-14,-1.7229836289851250e-08,-1.0939972843732897e-04,
-2.0287471551829928e-04,-4.7229986692902785e-03,9.2443645065559818e-04,9.7998233795682250e-15,-2.4501926261081815e-08,-1.0926337736489754e-04,
-2.0015293327239070e-04,-4.6241398877490446e-03,9.2445347169136955e-04,1.0653733774884534e-14,8.8620592540941024e-09,6.8808906826114331e-05,
-1.9957069737854241e-04,-4.8408215651817724e-03,9.2554882234393372e-04,6.2928766790949174e-15,1.8974566626247017e-07,1.7820501067566502e-04,
-1.9557969913598541e-04,-5.5545064735443008e-03,9.2429095092313898e-04,5.7308137875028938e-15,1.8977357765216687e-07,1.7806092204315587e-04,
-2.0060122749154867e-04,-6.0028656350936240e-03,9.2429118735736339e-04,5.8770192430773546e-15,9.7576469696745831e-09,6.8642376537858955e-05,
-2.0317802698061085e-04,-5.3627923521933473e-03,9.2435813344035926e-04,5.1086398562693673e-15,-1.7229836155694006e-08,-1.0939972843571122e-04,
-2.0287471567905372e-04,-4.7229986700345374e-03,9.2443645026937837e-04,7.2202833267162553e-15,-2.4501927933368474e-08,-1.0926337737110461e-04,
-2.0015292905129411e-04,-4.6241398854035155e-03,9.2445347003790161e-04,6.0917467512414062e-15,8.8620555455888548e-09,6.8808906826084529e-05,
-1.9957069730744840e-04,-4.8408215628511124e-03,9.2554882066798062e-04,5.6570356967055166e-15,1.8974566364365431e-07,1.7820501067507372e-04,
-1.9557969885040436e-04,-5.5545064711897789e-03,9.2429094889787870e-04,5.2346409982340568e-15,1.8977357316163954e-07,1.7806092204026742e-04,
-2.0060122800489268e-04,-6.0028656347104201e-03,9.2429118789477118e-04,4.7258521175447372e-15,9.7576441217755341e-09,6.8642376534289531e-05,
-2.0317802819706649e-04,-5.3627923509469815e-03,9.2435813261110733e-04,5.7067273202728781e-15,-1.7229834925132574e-08,-1.0939972843601219e-04,
-2.0287471508387080e-04,-4.7229986694342944e-03,9.2443645054871308e-04,7.0275309315401498e-15,-2.4501925807066263e-08,-1.0926337736293153e-04,
-2.0015293069820369e-04,-4.6241398836619685e-03,9.2445346922366979e-04,6.6223006712740737e-15,8.8620586359418867e-09,6.8808906826918104e-05,
-1.9957069847845966e-04,-4.8408215638886627e-03,9.2554882050733026e-04,2.8940629602885892e-15,1.8974565951398382e-07,1.7820501067606690e-04,
-1.9557969973365500e-04,-5.5545064734384333e-03,9.2429094860029567e-04,1.2534760190211226e-15,1.8977357585986852e-07,1.7806092204451126e-04,
-2.0060123139792999e-04,-6.0028656336837518e-03,9.2429118917065586e-04,2.1584012717775615e-15,9.7576429265740068e-09,6.8642376536657212e-05,
-2.0317804450197194e-04,-5.3627923557912349e-03,9.2435812864225485e-04,1.4187941812869332e-15,-1.7229831743935934e-08,-1.0939972843361445e-04,
-2.0287470581901150e-04,-4.7229986694179438e-03,9.2443645116933350e-04,3.0671479125548114e-15,-2.4501931997525914e-08,-1.0926337736532974e-04,
-2.0015292333396090e-04,-4.6241398888909758e-03,9.2445346963316005e-04,2.7444354437107210e-15,8.8620568716185284e-09,6.8808906825211367e-05,

