1
1
6
0
(24 0
((0,0,0) (3,3,3) (0,0,0))
((20,0,0) (23,3,3) (0,0,0))
((16,0,0) (19,3,3) (0,0,0))
((12,0,0) (15,3,3) (0,0,0))
((8,0,0) (11,3,3) (0,0,0))
((4,0,0) (7,3,3) (0,0,0))
((0,4,0) (3,7,3) (0,0,0))
((20,4,0) (23,7,3) (0,0,0))
((16,4,0) (19,7,3) (0,0,0))
((12,4,0) (15,7,3) (0,0,0))
((8,4,0) (11,7,3) (0,0,0))
((4,4,0) (7,7,3) (0,0,0))
((0,0,4) (3,3,7) (0,0,0))
((20,0,4) (23,3,7) (0,0,0))
((16,0,4) (19,3,7) (0,0,0))
((12,0,4) (15,3,7) (0,0,0))
((8,0,4) (11,3,7) (0,0,0))
((4,0,4) (7,3,7) (0,0,0))
((0,4,4) (3,7,7) (0,0,0))
((20,4,4) (23,7,7) (0,0,0))
((16,4,4) (19,7,7) (0,0,0))
((12,4,4) (15,7,7) (0,0,0))
((8,4,4) (11,7,7) (0,0,0))
((4,4,4) (7,7,7) (0,0,0))
)
24
FabOnDisk: Cell_D_00000 0
FabOnDisk: Cell_D_00000 3158
FabOnDisk: Cell_D_00000 6318
FabOnDisk: Cell_D_00000 9478
FabOnDisk: Cell_D_00000 12638
FabOnDisk: Cell_D_00000 15797
FabOnDisk: Cell_D_00000 18955
FabOnDisk: Cell_D_00000 22113
FabOnDisk: Cell_D_00000 25273
FabOnDisk: Cell_D_00000 28433
FabOnDisk: Cell_D_00000 31593
FabOnDisk: Cell_D_00000 34752
FabOnDisk: Cell_D_00000 37910
FabOnDisk: Cell_D_00000 41068
FabOnDisk: Cell_D_00000 44228
FabOnDisk: Cell_D_00000 47388
FabOnDisk: Cell_D_00000 50548
FabOnDisk: Cell_D_00000 53707
FabOnDisk: Cell_D_00000 56865
FabOnDisk: Cell_D_00000 60023
FabOnDisk: Cell_D_00000 63183
FabOnDisk: Cell_D_00000 66343
FabOnDisk: Cell_D_00000 69503
FabOnDisk: Cell_D_00000 72662

24,6
-4.2646649465237535e-05,-1.1374462746036084e-03,1.9604732554271857e-04,-2.4828688759750487e-18,1.5224920545636114e-11,5.8999289722958469e-04,
-4.2647729254934380e-05,-1.3601456550860454e-03,1.9604675889219595e-04,-3.7680088535246774e-18,2.3626968231652051e-11,5.8999359077732325e-04,
-4.2757266725897544e-05,-1.3945948836215252e-03,1.9604662294322246e-04,-3.6631445136856189e-18,-7.3191542958137246e-12,-3.7088485354107347e-04,
-4.2824007552291958e-05,-1.3192719204518360e-03,1.9604673028390625e-04,-1.3376012352067361e-17,-3.0946297119844120e-11,-9.6087844492952158e-04,
-4.2823891312020006e-05,-1.0708782460906857e-03,1.9604727752960642e-04,-6.1023445338441891e-18,-3.2328855431278961e-11,-9.6087855929926768e-04,
-4.2756137182939577e-05,-9.1474102777895216e-04,1.9604777112791098e-04,-1.3964613954775538e-17,-1.7104463033436042e-11,-3.7088566235212573e-04,
-4.2646646475745513e-05,-1.1374462754525942e-03,1.9604732529585051e-04,-4.0577248227444288e-18,1.5224926753747499e-11,5.8999289722962080e-04,
-4.2647727761623067e-05,-1.3601456558206941e-03,1.9604675927576635e-04,-3.6715725796471357e-18,2.3626958301477867e-11,5.8999359077732856e-04,
-4.2757261912093343e-05,-1.3945948844236637e-03,1.9604662256191729e-04,-3.6396482130030824e-18,-7.3191645634429979e-12,-3.7088485354110323e-04,
-4.2824008362075615e-05,-1.3192719216521870e-03,1.9604673109700107e-04,-7.1205289133377328e-18,-3.0946333246088704e-11,-9.6087844492951367e-04,
-4.2823868396688915e-05,-1.0708782447520437e-03,1.9604727750215751e-04,-9.9629394487633775e-18,-3.2328888524418082e-11,-9.6087855929918875e-04,
-4.2756147273474024e-05,-9.1474102869398431e-04,1.9604777057031800e-04,-1.2865649335051031e-17,-1.7104479658329910e-11,-3.7088566235216221e-04,
-4.2646645866641607e-05,-1.1374462749633441e-03,1.9604732445102112e-04,-2.4962365276785620e-18,1.5224923458976833e-11,5.8999289722957461e-04,
-4.2647727758850497e-05,-1.3601456543863904e-03,1.9604675766682635e-04,-3.4178061237717997e-18,2.3626949009356960e-11,5.8999359077732954e-04,
-4.2757261368982864e-05,-1.3945948833919417e-03,1.9604662189960683e-04,-5.5526572973663883e-18,-7.3191587332295474e-12,-3.7088485354109271e-04,
-4.2824009242879914e-05,-1.3192719196161488e-03,1.9604672895051400e-04,-8.5325631692933512e-18,-3.0946331047750502e-11,-9.6087844492952917e-04,
-4.2823866841868352e-05,-1.0708782451791146e-03,1.9604727777264370e-04,-1.3407797574348976e-17,-3.2328898412369940e-11,-9.6087855929921531e-04,
-4.2756147547209533e-05,-9.1474102705688609e-04,1.9604776862469154e-04,-1.1520699851792031e-17,-1.7104475287968325e-11,-3.7088566235217994e-04,
-4.2646643357253842e-05,-1.1374462754301764e-03,1.9604732442756202e-04,-3.2536870786307623e-18,1.5224899461298550e-11,5.8999289722963619e-04,
-4.2647728982666197e-05,-1.3601456556927732e-03,1.9604675799373081e-04,-3.3816815419885897e-18,2.3626951455043591e-11,5.8999359077732498e-04,
-4.2757254313616828e-05,-1.3945948841290656e-03,1.9604662153564848e-04,-7.3648330293711592e-18,-7.3191705114529744e-12,-3.7088485354109586e-04,
-4.2824008509914394e-05,-1.3192719211069979e-03,1.9604672945030559e-04,-5.8903115179259473e-18,-3.0946324668296269e-11,-9.6087844492954858e-04,
-4.2823856189651681e-05,-1.0708782452192088e-03,1.9604727701555294e-04,-1.2633359499017455e-17,-3.2328897767522269e-11,-9.6087855929918344e-04,
-4.2756148337203552e-05,-9.1474102834001453e-04,1.9604777084320161e-04,-4.9656078893275974e-18,-1.7104488458342296e-11,-3.7088566235215348e-04,

24,6
-4.2604819282331105e-05,-9.5560887536204732e-04,1.9604771992725345e-04,3.8866112471064829e-18,3.0946675446258351e-11,9.6087844486841248e-04,
-4.2604998851597964e-05,-1.2040025488622653e-03,1.9604717226675203e-04,4.8980048039868802e-18,3.2328967341131376e-11,9.6087855891100198e-04,
-4.2672765876352708e-05,-1.3601397707237461e-03,1.9604667903689506e-04,1.0671746686136949e-17,1.7103912948230893e-11,3.7088566206991847e-04,
-4.2782106582938064e-05,-1.1374345086167781e-03,1.9604713251853052e-04,6.4344056546021426e-18,-1.5224499913472468e-11,-5.8999289655883315e-04,
-4.2781184069317584e-05,-9.1473514672790886e-04,1.9604769291389109e-04,1.2675555502395901e-17,-2.3627472344074223e-11,-5.8999359132729597e-04,
-4.2671523631893256e-05,-8.8028591692643850e-04,1.9604783032046053e-04,9.8288288840418112e-18,7.3193365320513829e-12,3.7088485415260139e-04,
-4.2604818675761237e-05,-9.5560887524269206e-04,1.9604772013113666e-04,2.5458500776716251e-18,3.0946679715593711e-11,9.6087844486841183e-04,
-4.2605000548799371e-05,-1.2040025502344546e-03,1.9604717199484816e-04,3.0945485519664596e-18,3.2328974492990012e-11,9.6087855891098875e-04,
-4.2672767708824545e-05,-1.3601397706701867e-03,1.9604667914998483e-04,5.2891959342875476e-18,1.7103909552299191e-11,3.7088566206992742e-04,
-4.2782116757073490e-05,-1.1374345154793566e-03,1.9604712693823827e-04,9.3026090887793141e-18,-1.5224483658064425e-11,-5.8999289655888780e-04,
-4.2781181222576024e-05,-9.1473514387708967e-04,1.9604769577742515e-04,9.3870439396145292e-18,-2.3627440609706818e-11,-5.8999359132729673e-04,
-4.2671524386364062e-05,-8.8028591969421658e-04,1.9604782820099794e-04,8.3711226577194883e-18,7.3193321030207110e-12,3.7088485415256658e-04,
-4.2604818609087201e-05,-9.5560887493194183e-04,1.9604771991656175e-04,3.2841597759346449e-18,3.0946680827960660e-11,9.6087844486841714e-04,
-4.2605001022037933e-05,-1.2040025492019608e-03,1.9604717087711015e-04,2.6737818992232750e-18,3.2328965817325890e-11,9.6087855891099916e-04,
-4.2672768181176493e-05,-1.3601397704557077e-03,1.9604667862126466e-04,7.7847922209403132e-18,1.7103896188689315e-11,3.7088566206990844e-04,
-4.2782117973685865e-05,-1.1374345146488872e-03,1.9604712599968730e-04,1.2301634716129701e-17,-1.5224485755430321e-11,-5.8999289655885180e-04,
-4.2781180338686112e-05,-9.1473514357125814e-04,1.9604769574843172e-04,1.0248207990940798e-17,-2.3627477062433005e-11,-5.8999359132730941e-04,
-4.2671524930122494e-05,-8.8028591651358699e-04,1.9604782744231416e-04,8.5579214324917220e-18,7.3193289521996080e-12,3.7088485415259423e-04,
-4.2604817528351555e-05,-9.5560887560422600e-04,1.9604771955497233e-04,2.6534747305569524e-18,3.0946678208909035e-11,9.6087844486841725e-04,
-4.2605005969739537e-05,-1.2040025505050005e-03,1.9604717058420933e-04,2.6423396634042698e-18,3.2328979264787266e-11,9.6087855891098680e-04,
-4.2672765133160335e-05,-1.3601397702660417e-03,1.9604667852939832e-04,2.0924961043632928e-18,1.7103892677145002e-11,3.7088566206993669e-04,
-4.2782131114675389e-05,-1.1374345165372900e-03,1.9604712494244075e-04,1.2464484568644671e-17,-1.5224472869935746e-11,-5.8999289655890449e-04,
-4.2781182233576966e-05,-9.1473514539204114e-04,1.9604769423325357e-04,7.6391686446131115e-18,-2.3627495936326479e-11,-5.8999359132725162e-04,
-4.2671526706442552e-05,-8.8028592168050315e-04,1.9604782785225447e-04,1.1589754520531761e-17,7.3193478393583314e-12,3.7088485415256577e-04,

