1
1
6
0
(24 0
((0,0,0) (3,3,3) (0,0,0))
((20,0,0) (23,3,3) (0,0,0))
((16,0,0) (19,3,3) (0,0,0))
((12,0,0) (15,3,3) (0,0,0))
((8,0,0) (11,3,3) (0,0,0))
((4,0,0) (7,3,3) (0,0,0))
((0,4,0) (3,7,3) (0,0,0))
((20,4,0) (23,7,3) (0,0,0))
((16,4,0) (19,7,3) (0,0,0))
((12,4,0) (15,7,3) (0,0,0))
((8,4,0) (11,7,3) (0,0,0))
((4,4,0) (7,7,3) (0,0,0))
((0,0,4) (3,3,7) (0,0,0))
((20,0,4) (23,3,7) (0,0,0))
((16,0,4) (19,3,7) (0,0,0))
((12,0,4) (15,3,7) (0,0,0))
((8,0,4) (11,3,7) (0,0,0))
((4,0,4) (7,3,7) (0,0,0))
((0,4,4) (3,7,7) (0,0,0))
((20,4,4) (23,7,7) (0,0,0))
((16,4,4) (19,7,7) (0,0,0))
((12,4,4) (15,7,7) (0,0,0))
((8,4,4) (11,7,7) (0,0,0))
((4,4,4) (7,7,7) (0,0,0))
)
24
FabOnDisk: Cell_D_00000 0
FabOnDisk: Cell_D_00000 3158
FabOnDisk: Cell_D_00000 6318
FabOnDisk: Cell_D_00000 9478
FabOnDisk: Cell_D_00000 12638
FabOnDisk: Cell_D_00000 15797
FabOnDisk: Cell_D_00000 18955
FabOnDisk: Cell_D_00000 22113
FabOnDisk: Cell_D_00000 25273
FabOnDisk: Cell_D_00000 28433
FabOnDisk: Cell_D_00000 31593
FabOnDisk: Cell_D_00000 34752
FabOnDisk: Cell_D_00000 37910
FabOnDisk: Cell_D_00000 41068
FabOnDisk: Cell_D_00000 44228
FabOnDisk: Cell_D_00000 47388
FabOnDisk: Cell_D_00000 50548
FabOnDisk: Cell_D_00000 53707
FabOnDisk: Cell_D_00000 56865
FabOnDisk: Cell_D_00000 60023
FabOnDisk: Cell_D_00000 63183
FabOnDisk: Cell_D_00000 66343
FabOnDisk: Cell_D_00000 69503
FabOnDisk: Cell_D_00000 72662

24,6
-1.2105144992165231e-04,-3.2391272918900573e-03,5.5831011261007720e-04,-5.0392217387177550e-17,1.2528314492864574e-09,4.5077843753258838e-04,
-1.2112848646649366e-04,-3.8006336041465699e-03,5.5829738845950211e-04,-5.1681295675079698e-17,1.7902939858236656e-09,4.5075915890264485e-04,
-1.2203105083194588e-04,-3.8875431130147983e-03,5.5829466191330377e-04,-1.2527812779163360e-16,-6.4345850844096136e-10,-2.8337627824234014e-04,
-1.2254936092082736e-04,-3.6977309759384461e-03,5.5829738926795036e-04,-4.1046391591816162e-16,-2.4336810975216852e-09,-7.3413548772473735e-04,
-1.2253891305351997e-04,-3.0715374912675094e-03,5.5831011016109987e-04,-2.4104129856790594e-16,-2.5222251388128140e-09,-7.3413234060791825e-04,
-1.2195096459124428e-04,-2.6777257456863284e-03,5.5832103859757346e-04,-4.5279298381168346e-16,-1.2698710166919720e-09,-2.8335393607681661e-04,
-1.2105144690307537e-04,-3.2391272926578789e-03,5.5831011237814218e-04,-1.9563205976751033e-16,1.2528309908391830e-09,4.5077843753308326e-04,
-1.2112848496862755e-04,-3.8006336047901341e-03,5.5829738883591271e-04,-1.9206922362104183e-16,1.7902937780526792e-09,4.5075915890273479e-04,
-1.2203104604815297e-04,-3.8875431137634837e-03,5.5829466187713923e-04,-2.1594545700286209e-16,-6.4345854026713403e-10,-2.8337627824197932e-04,
-1.2254936168655067e-04,-3.6977309771511115e-03,5.5829739007189278e-04,-3.6324608651013324e-16,-2.4336808180185734e-09,-7.3413548772445904e-04,
-1.2253889028330126e-04,-3.0715374897197505e-03,5.5831011044902581e-04,-4.2568604282084910e-16,-2.5222260166507915e-09,-7.3413234060676835e-04,
-1.2195097453115405e-04,-2.6777257465059878e-03,5.5832103774881880e-04,-5.0217100260097918e-16,-1.2698714390377527e-09,-2.8335393607749766e-04,
-1.2105144630604453e-04,-3.2391272922332576e-03,5.5831011164521815e-04,-1.1888189850432929e-16,1.2528309901084613e-09,4.5077843753261624e-04,
-1.2112848494471337e-04,-3.8006336034583773e-03,5.5829738737680156e-04,-2.0734033263669985e-16,1.7902942740197777e-09,4.5075915890277235e-04,
-1.2203104550322079e-04,-3.8875431127597605e-03,5.5829466084604009e-04,-2.6996452243685363e-16,-6.4345842418134233e-10,-2.8337627824238113e-04,
-1.2254936255659391e-04,-3.6977309751119766e-03,5.5829738793992478e-04,-3.8786553852886641e-16,-2.4336798430181462e-09,-7.3413548772468249e-04,
-1.2253888877261377e-04,-3.0715374901254464e-03,5.5831011070902139e-04,-3.8246863228106727e-16,-2.5222267735609714e-09,-7.3413234060714240e-04,
-1.2195097482414657e-04,-2.6777257449772498e-03,5.5832103614817503e-04,-6.1810296753196423e-16,-1.2698716026533501e-09,-2.8335393607774762e-04,
-1.2105144380781566e-04,-3.2391272926371260e-03,5.5831011161526273e-04,-2.1214588490298663e-16,1.2528304900462822e-09,4.5077843753332629e-04,
-1.2112848618637370e-04,-3.8006336047236491e-03,5.5829738760584285e-04,-1.4538330176858873e-16,1.7902943712748688e-09,4.5075915890253215e-04,
-1.2203103846072100e-04,-3.8875431134240586e-03,5.5829466095847088e-04,-3.5200171100131982e-16,-6.4345928433784325e-10,-2.8337627824156608e-04,
-1.2254936192757993e-04,-3.6977309765877367e-03,5.5829738845699598e-04,-3.1821076965966564e-16,-2.4336791276897613e-09,-7.3413548772544208e-04,
-1.2253887864263223e-04,-3.0715374901258935e-03,5.5831011004552295e-04,-6.5819174418636357e-16,-2.5222267909845574e-09,-7.3413234060626278e-04,
-1.2195097542499752e-04,-2.6777257462143938e-03,5.5832103838248618e-04,-2.7085045416099483e-16,-1.2698718238835267e-09,-2.8335393607763475e-04,

24,6
-1.2073550422698916e-04,-2.7807327674755221e-03,5.5831924568454361e-04,1.7742316807970166e-16,2.4341293485333740e-09,7.3413549079008069e-04,
-1.2074869855468178e-04,-3.4069261378566070e-03,5.5830652089668815e-04,2.2074157190767499e-16,2.5225266873980686e-09,7.3413231307678864e-04,
-1.2133920231209728e-04,-3.8007380861231686e-03,5.5829559664831723e-04,4.1388194192426972e-16,1.2693934384198918e-09,2.8335390323638393e-04,
-1.2222983878943687e-04,-3.2393362930770498e-03,5.5830652753096916e-04,2.7207668734241067e-16,-1.2526560482614008e-09,-4.5077837716242086e-04,
-1.2216297417971648e-04,-2.6778302657579885e-03,5.5831924589735396e-04,5.3472602373840793e-16,-1.7906693714807361e-09,-4.5075921271634520e-04,
-1.2125167214638375e-04,-2.5909208213219462e-03,5.5832197604379404e-04,4.5660427154122791e-16,6.4338538264494122e-10,2.8337632899147128e-04,
-1.2073550365355489e-04,-2.7807327673084288e-03,5.5831924589072742e-04,1.2049930180479595e-16,2.4341294074083954e-09,7.3413549079011375e-04,
-1.2074870025857549e-04,-3.4069261391708370e-03,5.5830652062094691e-04,1.4758183990413059e-16,2.5225268451754982e-09,7.3413231307665669e-04,
-1.2133920414919782e-04,-3.8007380860052950e-03,5.5829559680656694e-04,2.6097850211163734e-16,1.2693932529522439e-09,2.8335390323626326e-04,
-1.2222984893402853e-04,-3.2393362998384429e-03,5.5830652199761067e-04,3.6634572650147126e-16,-1.2526554267442378e-09,-4.5077837716327011e-04,
-1.2216297136727179e-04,-2.6778302629000546e-03,5.5831924869221747e-04,3.4608633969872252e-16,-1.7906697516389144e-09,-4.5075921271601690e-04,
-1.2125167296533955e-04,-2.5909208239788730e-03,5.5832197683336395e-04,4.1507816797283910e-16,6.4338472309206517e-10,2.8337632899063498e-04,
-1.2073550359619609e-04,-2.7807327670428803e-03,5.5831924576527677e-04,1.9118484914834766e-16,2.4341292089286127e-09,7.3413549079017718e-04,
-1.2074870071895712e-04,-3.4069261381996481e-03,5.5830651960382465e-04,8.4040550819833771e-17,2.5225267304570256e-09,7.3413231307671882e-04,
-1.2133920458125614e-04,-3.8007380858814592e-03,5.5829559703664614e-04,3.9167732813883679e-16,1.2693930359489380e-09,2.8335390323630289e-04,
-1.2222985011511498e-04,-3.2393362990568147e-03,5.5830652114476954e-04,3.7070504460856452e-16,-1.2526553682244669e-09,-4.5077837716262387e-04,
-1.2216297046878862e-04,-2.6778302626781635e-03,5.5831924878721841e-04,4.2805837781664206e-16,-1.7906699845237481e-09,-4.5075921271574510e-04,
-1.2125167351590317e-04,-2.5909208208641466e-03,5.5832197351938020e-04,3.9968430988036568e-16,6.4338517203680816e-10,2.8337632899143295e-04,
-1.2073550255436531e-04,-2.7807327676677182e-03,5.5831924540563228e-04,1.6637883785271831e-16,2.4341290415151356e-09,7.3413549079041202e-04,
-1.2074870562444874e-04,-3.4069261394343731e-03,5.5830651931993900e-04,1.2629692882952091e-16,2.5225269541735202e-09,7.3413231307664520e-04,
-1.2133920159503413e-04,-3.8007380856243393e-03,5.5829559741784511e-04,9.6284028530136526e-17,1.2693930847653920e-09,2.8335390323647484e-04,
-1.2222986301709313e-04,-3.2393363008566298e-03,5.5830652013105233e-04,5.5555817347544784e-16,-1.2526550578385258e-09,-4.5077837716362053e-04,
-1.2216297232745281e-04,-2.6778302644118431e-03,5.5831924727433961e-04,2.8071826964084368e-16,-1.7906704327792103e-09,-4.5075921271508032e-04,
-1.2125167538874014e-04,-2.5909208257568852e-03,5.5832197367687044e-04,5.2760062777482654e-16,6.4338563432895674e-10,2.8337632899029020e-04,

