1
1
6
0
(24 0
((0,0,0) (3,3,3) (0,0,0))
((20,0,0) (23,3,3) (0,0,0))
((16,0,0) (19,3,3) (0,0,0))
((12,0,0) (15,3,3) (0,0,0))
((8,0,0) (11,3,3) (0,0,0))
((4,0,0) (7,3,3) (0,0,0))
((0,4,0) (3,7,3) (0,0,0))
((20,4,0) (23,7,3) (0,0,0))
((16,4,0) (19,7,3) (0,0,0))
((12,4,0) (15,7,3) (0,0,0))
((8,4,0) (11,7,3) (0,0,0))
((4,4,0) (7,7,3) (0,0,0))
((0,0,4) (3,3,7) (0,0,0))
((20,0,4) (23,3,7) (0,0,0))
((16,0,4) (19,3,7) (0,0,0))
((12,0,4) (15,3,7) (0,0,0))
((8,0,4) (11,3,7) (0,0,0))
((4,0,4) (7,3,7) (0,0,0))
((0,4,4) (3,7,7) (0,0,0))
((20,4,4) (23,7,7) (0,0,0))
((16,4,4) (19,7,7) (0,0,0))
((12,4,4) (15,7,7) (0,0,0))
((8,4,4) (11,7,7) (0,0,0))
((4,4,4) (7,7,7) (0,0,0))
)
24
FabOnDisk: Cell_D_00000 0
FabOnDisk: Cell_D_00002 0
FabOnDisk: Cell_D_00002 3160
FabOnDisk: Cell_D_00001 0
FabOnDisk: Cell_D_00001 3160
FabOnDisk: Cell_D_00000 3158
FabOnDisk: Cell_D_00000 6316
FabOnDisk: Cell_D_00003 0
FabOnDisk: Cell_D_00003 3160
FabOnDisk: Cell_D_00001 6319
FabOnDisk: Cell_D_00001 9479
FabOnDisk: Cell_D_00000 9474
FabOnDisk: Cell_D_00000 12632
FabOnDisk: Cell_D_00003 6320
FabOnDisk: Cell_D_00003 9480
FabOnDisk: Cell_D_00002 6320
FabOnDisk: Cell_D_00002 9480
FabOnDisk: Cell_D_00000 15790
FabOnDisk: Cell_D_00001 12638
FabOnDisk: Cell_D_00003 12640
FabOnDisk: Cell_D_00003 15800
FabOnDisk: Cell_D_00002 12639
FabOnDisk: Cell_D_00002 15799
FabOnDisk: Cell_D_00001 15796

24,6
-8.7189605667847461e-12,-1.5470215392648869e-11,-1.7008192856607338e-11,0.0000000000000000e+00,0.0000000000000000e+00,6.0876142900867275e-04,
-8.3457754841597173e-12,-1.0794443625556444e-05,-1.6137427663815608e-11,0.0000000000000000e+00,0.0000000000000000e+00,6.0876142900900105e-04,
-1.1534811644773593e-11,-1.2464346063484219e-05,-1.5662464831383751e-11,0.0000000000000000e+00,0.0000000000000000e+00,-3.8268343236482692e-04,
-1.8998513297274153e-11,-8.8136277151844207e-06,-1.6329674524561832e-11,0.0000000000000000e+00,0.0000000000000000e+00,-9.9144486137378238e-04,
-3.4604434934320783e-11,3.2259940083399156e-06,-1.6714168246054287e-11,0.0000000000000000e+00,0.0000000000000000e+00,-9.9144486137383637e-04,
-1.9269920630092357e-11,1.0794414505813933e-05,-1.6431452274368658e-11,0.0000000000000000e+00,0.0000000000000000e+00,-3.8268343236520953e-04,
-4.9192579073299146e-12,-1.5571993142455696e-11,-1.7370069300364940e-11,0.0000000000000000e+00,0.0000000000000000e+00,6.0876142900867275e-04,
-6.4119982378300272e-12,-1.0794444281457498e-05,-1.6397526357766384e-11,0.0000000000000000e+00,0.0000000000000000e+00,6.0876142900900105e-04,
-1.2077626310409999e-11,-1.2464345057015360e-05,-1.6420143635501234e-11,0.0000000000000000e+00,0.0000000000000000e+00,-3.8268343236482692e-04,
-1.1534811644773593e-11,-8.8136268557278667e-06,-1.5605921637046627e-11,0.0000000000000000e+00,0.0000000000000000e+00,-9.9144486137378238e-04,
-2.1882216208467553e-11,3.2259918710071697e-06,-1.8738414603323376e-11,0.0000000000000000e+00,0.0000000000000000e+00,-9.9144486137383637e-04,
-1.0652737813114437e-11,1.0794414562357128e-05,-1.6793328718126261e-11,0.0000000000000000e+00,0.0000000000000000e+00,-3.8268343236520953e-04,
-5.0210356571367407e-12,-1.6001721419417847e-11,-1.5979106719671655e-11,0.0000000000000000e+00,0.0000000000000000e+00,6.0876142900867275e-04,
-6.2423686548186508e-12,-1.0794444145753833e-05,-1.5300588387626149e-11,0.0000000000000000e+00,0.0000000000000000e+00,6.0876142900900105e-04,
-1.2179404060216823e-11,-1.2464346357508830e-05,-1.5379748859698126e-11,0.0000000000000000e+00,0.0000000000000000e+00,-3.8268343236482692e-04,
-1.0652737813114437e-11,-8.8136282693077251e-06,-1.5006563777073098e-11,0.0000000000000000e+00,0.0000000000000000e+00,-9.9144486137378238e-04,
-2.0050216711944689e-11,3.2259921311058635e-06,-1.5764242581190577e-11,0.0000000000000000e+00,0.0000000000000000e+00,-9.9144486137383637e-04,
-1.0449182313500785e-11,1.0794413815986964e-05,-1.6465378190970933e-11,0.0000000000000000e+00,0.0000000000000000e+00,-3.8268343236520953e-04,
-1.2179404060216823e-11,-1.4678610671929113e-11,-1.5402366137432975e-11,0.0000000000000000e+00,0.0000000000000000e+00,6.0876142900867275e-04,
-1.0822367396125813e-11,-1.0794443026198584e-05,-1.4361971361629867e-11,0.0000000000000000e+00,0.0000000000000000e+00,6.0876142900900105e-04,
-1.6284439969092133e-11,-1.2464345577212748e-05,-1.4859551471796570e-11,0.0000000000000000e+00,0.0000000000000000e+00,-3.8268343236482692e-04,
-1.5809477136660277e-11,-8.8136270819006443e-06,-1.4667304611050346e-11,0.0000000000000000e+00,0.0000000000000000e+00,-9.9144486137378238e-04,
-1.3604292557512385e-11,3.2259946529323311e-06,-1.5922563525334531e-11,0.0000000000000000e+00,0.0000000000000000e+00,-9.9144486137383637e-04,
-2.2594660457115333e-11,1.0794414743295350e-05,-1.4961329221603396e-11,0.0000000000000000e+00,0.0000000000000000e+00,-3.8268343236520953e-04,

24,6
9.9742194810689312e-12,8.8136305988854840e-06,1.8953278741804454e-11,0.0000000000000000e+00,0.0000000000000000e+00,9.9144486137380926e-04,
1.2959700142069155e-11,-3.2259912264122588e-06,1.7890266688266496e-11,0.0000000000000000e+00,0.0000000000000000e+00,9.9144486137386326e-04,
1.7641476633183144e-11,-1.0794411848285060e-05,1.8331303604096075e-11,0.0000000000000000e+00,0.0000000000000000e+00,3.8268343236540019e-04,
2.3341030622365388e-11,2.3736830404736610e-11,2.4121326704217723e-11,0.0000000000000000e+00,0.0000000000000000e+00,-6.0876142900850806e-04,
2.3307104705763113e-11,1.0794448680519288e-05,2.0400784516834866e-11,0.0000000000000000e+00,0.0000000000000000e+00,-6.0876142900883701e-04,
4.1219988671764459e-11,1.2464348359137900e-05,2.1509031125842526e-11,0.0000000000000000e+00,0.0000000000000000e+00,3.8268343236501801e-04,
6.3441464046254762e-12,8.8136280544417380e-06,1.8681871408986253e-11,0.0000000000000000e+00,0.0000000000000000e+00,9.9144486137380926e-04,
1.0924145145932638e-11,-3.2259928887821724e-06,2.0004982156474986e-11,0.0000000000000000e+00,0.0000000000000000e+00,9.9144486137386326e-04,
9.2278493158188753e-12,-1.0794415331345832e-05,1.8014661715808172e-11,0.0000000000000000e+00,0.0000000000000000e+00,3.8268343236540019e-04,
2.0457327711171990e-11,1.7030807556353530e-11,2.0423401794569716e-11,0.0000000000000000e+00,0.0000000000000000e+00,-6.0876142900850806e-04,
1.9880587128933311e-11,1.0794447063383931e-05,2.0875747349266720e-11,0.0000000000000000e+00,0.0000000000000000e+00,-6.0876142900883701e-04,
2.0457327711171990e-11,1.2464349399532676e-05,2.0649574571918218e-11,0.0000000000000000e+00,0.0000000000000000e+00,3.8268343236501801e-04,
6.3780723212277513e-12,8.8136315261938714e-06,1.8161674021084697e-11,0.0000000000000000e+00,0.0000000000000000e+00,9.9144486137380926e-04,
9.2617752324211496e-12,-3.2259894283386788e-06,1.7720637105255118e-11,0.0000000000000000e+00,0.0000000000000000e+00,9.9144486137386326e-04,
8.6511087335801958e-12,-1.0794413691593196e-05,1.5866020330997404e-11,0.0000000000000000e+00,0.0000000000000000e+00,3.8268343236540019e-04,
1.9032439213876430e-11,1.9665720412463579e-11,1.8523550464842302e-11,0.0000000000000000e+00,0.0000000000000000e+00,-6.0876142900850806e-04,
2.0559105460978816e-11,1.0794448929309344e-05,1.9846661212331036e-11,0.0000000000000000e+00,0.0000000000000000e+00,-6.0876142900883701e-04,
1.8794957797660503e-11,1.2464352271926949e-05,1.7822414855061944e-11,0.0000000000000000e+00,0.0000000000000000e+00,3.8268343236501801e-04,
7.9047385683301383e-12,8.8136292983920136e-06,1.7302217467160392e-11,0.0000000000000000e+00,0.0000000000000000e+00,9.9144486137380926e-04,
8.0743681513415147e-12,-3.2259928096217003e-06,1.5945180803069380e-11,0.0000000000000000e+00,0.0000000000000000e+00,9.9144486137386326e-04,
8.5832569003756440e-12,-1.0794413815988224e-05,1.7279600189425542e-11,0.0000000000000000e+00,0.0000000000000000e+00,3.8268343236540019e-04,
1.1907996727398622e-11,1.3016240758417623e-11,1.4339354083895017e-11,0.0000000000000000e+00,0.0000000000000000e+00,-6.0876142900850806e-04,
1.6725476884921709e-11,1.0794447662741790e-05,2.0446019072304565e-11,0.0000000000000000e+00,0.0000000000000000e+00,-6.0876142900883701e-04,
1.2586515059444126e-11,1.2464345475434989e-05,1.7370069300364940e-11,0.0000000000000000e+00,0.0000000000000000e+00,3.8268343236501801e-04,

