1
1
6
0
(24 0
((0,0,0) (3,3,3) (0,0,0))
((20,0,0) (23,3,3) (0,0,0))
((16,0,0) (19,3,3) (0,0,0))
((12,0,0) (15,3,3) (0,0,0))
((8,0,0) (11,3,3) (0,0,0))
((4,0,0) (7,3,3) (0,0,0))
((0,4,0) (3,7,3) (0,0,0))
((20,4,0) (23,7,3) (0,0,0))
((16,4,0) (19,7,3) (0,0,0))
((12,4,0) (15,7,3) (0,0,0))
((8,4,0) (11,7,3) (0,0,0))
((4,4,0) (7,7,3) (0,0,0))
((0,0,4) (3,3,7) (0,0,0))
((20,0,4) (23,3,7) (0,0,0))
((16,0,4) (19,3,7) (0,0,0))
((12,0,4) (15,3,7) (0,0,0))
((8,0,4) (11,3,7) (0,0,0))
((4,0,4) (7,3,7) (0,0,0))
((0,4,4) (3,7,7) (0,0,0))
((20,4,4) (23,7,7) (0,0,0))
((16,4,4) (19,7,7) (0,0,0))
((12,4,4) (15,7,7) (0,0,0))
((8,4,4) (11,7,7) (0,0,0))
((4,4,4) (7,7,7) (0,0,0))
)
24
FabOnDisk: Cell_D_00000 0
FabOnDisk: Cell_D_00000 3158
FabOnDisk: Cell_D_00000 6318
FabOnDisk: Cell_D_00000 9478
FabOnDisk: Cell_D_00000 12638
FabOnDisk: Cell_D_00000 15797
FabOnDisk: Cell_D_00000 18955
FabOnDisk: Cell_D_00000 22113
FabOnDisk: Cell_D_00000 25273
FabOnDisk: Cell_D_00000 28433
FabOnDisk: Cell_D_00000 31593
FabOnDisk: Cell_D_00000 34752
FabOnDisk: Cell_D_00000 37910
FabOnDisk: Cell_D_00000 41068
FabOnDisk: Cell_D_00000 44228
FabOnDisk: Cell_D_00000 47388
FabOnDisk: Cell_D_00000 50548
FabOnDisk: Cell_D_00000 53707
FabOnDisk: Cell_D_00000 56865
FabOnDisk: Cell_D_00000 60023
FabOnDisk: Cell_D_00000 63183
FabOnDisk: Cell_D_00000 66343
FabOnDisk: Cell_D_00000 69503
FabOnDisk: Cell_D_00000 72662

24,6
-2.1669632840660549e-04,-5.7650072674275297e-03,9.9370857505466669e-04,-6.8313884610454786e-16,-5.9791844005628873e-07,-1.2473327996618912e-04,
-2.1319633461506599e-04,-6.1361163821618582e-03,9.8861790618132834e-04,-3.0829147985506806e-16,1.0152702737057954e-06,-1.2437510542795722e-04,
-2.1796450655017766e-04,-6.1915025951136092e-03,9.8836832225414947e-04,-4.7361840240461654e-16,-5.6611457884260105e-06,-4.8687475272535225e-05,
-2.1993734234485179e-04,-6.0683208081639172e-03,9.9323149618743361e-04,-1.3003281393089905e-15,-9.0068674589318666e-08,7.7294968632549477e-05,
-2.1989988145428141e-04,-5.6499824275859766e-03,9.9338124424859487e-04,-1.3010454352825788e-15,-9.3075136026049077e-08,7.6818355320970179e-05,
-2.1759041521287285e-04,-5.3917538493269612e-03,9.9361232143776491e-04,-1.3141640428044639e-15,-5.6603551466327257e-06,-5.4141950569961979e-05,
-2.1669632872053200e-04,-5.7650072672595261e-03,9.9370857550215401e-04,-2.9150534490494030e-15,-5.9791843933934638e-07,-1.2473327996498932e-04,
-2.1319633309098033e-04,-6.1361163824093755e-03,9.8861790613258651e-04,-2.4844155700394121e-15,1.0152702732303230e-06,-1.2437510542802818e-04,
-2.1796450195013731e-04,-6.1915025957438325e-03,9.8836832186560350e-04,-3.1175196788969175e-15,-5.6611457885606219e-06,-4.8687475268281473e-05,
-2.1993734281591343e-04,-6.0683208094706662e-03,9.9323149623195182e-04,-3.6020093447092539e-15,-9.0068676313484803e-08,7.7294968624009759e-05,
-2.1989985956151560e-04,-5.6499824248636759e-03,9.9338124635645780e-04,-4.8338484370074086e-15,-9.3075137113423176e-08,7.6818355318522620e-05,
-2.1759042424878355e-04,-5.3917538496126589e-03,9.9361231894220950e-04,-2.5154056947492400e-15,-5.6603551476184366e-06,-5.4141950570692224e-05,
-2.1669632875604954e-04,-5.7650072669560527e-03,9.9370857523452499e-04,-3.2976369309876679e-15,-5.9791843878557054e-07,-1.2473327996732366e-04,
-2.1319633294126188e-04,-6.1361163815481633e-03,9.8861790579813291e-04,-2.4530326769163248e-15,1.0152702738083963e-06,-1.2437510543079346e-04,
-2.1796450138995033e-04,-6.1915025953305641e-03,9.8836832154754564e-04,-3.7533686924662213e-15,-5.6611457853781217e-06,-4.8687475270420712e-05,
-2.1993734361541143e-04,-6.0683208080219387e-03,9.9323149492363486e-04,-3.6370493454525564e-15,-9.0068678835065319e-08,7.7294968626578247e-05,
-2.1989985831077246e-04,-5.6499824251221090e-03,9.9338124659322392e-04,-4.3515519737527051e-15,-9.3075143264466298e-08,7.6818355313210829e-05,
-2.1759042462339754e-04,-5.3917538486952356e-03,9.9361231934190562e-04,-4.5612065139365694e-15,-5.6603551455967757e-06,-5.4141950570291848e-05,
-2.1669632815826955e-04,-5.7650072669816338e-03,9.9370857545101696e-04,-4.3261716935996405e-15,-5.9791844201419067e-07,-1.2473327996586204e-04,
-2.1319633429265334e-04,-6.1361163825747172e-03,9.8861790593087460e-04,-4.8540684776857273e-15,1.0152702725575789e-06,-1.2437510542912864e-04,
-2.1796449443207619e-04,-6.1915025950931074e-03,9.8836832213168102e-04,-3.1226636018695667e-15,-5.6611457847103108e-06,-4.8687475269909911e-05,
-2.1993734360536233e-04,-6.0683208087971095e-03,9.9323149553763612e-04,-7.9663595050677139e-15,-9.0068676266882532e-08,7.7294968624318106e-05,
-2.1989985127323676e-04,-5.6499824249867997e-03,9.9338124645280499e-04,-5.9644078765576443e-15,-9.3075145934561852e-08,7.6818355323389671e-05,
-2.1759042410747739e-04,-5.3917538496799427e-03,9.9361232091781603e-04,-7.0229112549585755e-15,-5.6603551463775503e-06,-5.4141950575934937e-05,

24,6
-2.1373568522216021e-04,-5.4609985827222037e-03,9.9808637436580509e-04,3.4331122418717250e-15,5.1801521192599345e-06,-7.7839593714760838e-05,
-2.1018311754004962e-04,-5.8763746451888253e-03,9.9299276119472210e-04,3.9339060497373590e-15,5.1783785997094572e-06,-7.1966322743190634e-05,
-2.1334752639100944e-04,-6.1372770234026965e-03,9.9310382863847463e-04,3.2943007260342363e-15,-3.7819305875001597e-07,4.8402475201594168e-05,
-2.1871572152440654e-04,-5.7619333683927212e-03,9.9334104928875191e-04,5.1691077574761749e-15,-6.7058543589170735e-08,1.2555537794232968e-04,
-2.1842946368834523e-04,-5.3878800520799205e-03,9.9348691718849575e-04,4.4565154149009145e-15,-6.6162351552464160e-08,1.2547337123591814e-04,
-2.1531250465242196e-04,-5.3317126617363148e-03,9.9834302549837778e-04,5.8473702737537198e-15,-6.8440618747777694e-08,4.8136377498000552e-05,
-2.1373568484076594e-04,-5.4609985823482841e-03,9.9808637396285788e-04,3.7060975770335916e-15,5.1801521170296426e-06,-7.7839593711722876e-05,
-2.1018311894015492e-04,-5.8763746462006643e-03,9.9299276089582513e-04,2.5992654836996986e-15,5.1783786011929279e-06,-7.1966322738651689e-05,
-2.1334752825191252e-04,-6.1372770229407422e-03,9.9310382867385063e-04,3.6253413885958430e-15,-3.7819305717328769e-07,4.8402475198503575e-05,
-2.1871573148923826e-04,-5.7619333745964384e-03,9.9334104404693495e-04,4.0999251516746859e-15,-6.7058542821248693e-08,1.2555537794765073e-04,
-2.1842946112483761e-04,-5.3878800492232291e-03,9.9348691956471498e-04,6.1054674647006879e-15,-6.6162350946519091e-08,1.2547337124473200e-04,
-2.1531250584057272e-04,-5.3317126636160343e-03,9.9834302373537007e-04,4.3318551552382851e-15,-6.8440612419552193e-08,4.8136377497083141e-05,
-2.1373568483843081e-04,-5.4609985823027883e-03,9.9808637401921970e-04,1.8406350322598029e-15,5.1801521209732603e-06,-7.7839593715777169e-05,
-2.1018311876334426e-04,-5.8763746455494708e-03,9.9299276046028854e-04,1.9171008247271821e-15,5.1783785982973822e-06,-7.1966322739703352e-05,
-2.1334752810503341e-04,-6.1372770233164304e-03,9.9310382962122931e-04,2.4492450860120567e-15,-3.7819305386570704e-07,4.8402475200319024e-05,
-2.1871573245662841e-04,-5.7619333740619380e-03,9.9334104368082807e-04,3.1072751565676520e-15,-6.7058547092673084e-08,1.2555537795315663e-04,
-2.1842946015505134e-04,-5.3878800494525942e-03,9.9348692038402249e-04,4.0628159115437842e-15,-6.6162355329562068e-08,1.2547337124406839e-04,
-2.1531250645019716e-04,-5.3317126610208177e-03,9.9834302412507201e-04,3.0946805215757456e-15,-6.8440611038221279e-08,4.8136377495801628e-05,
-2.1373568402772335e-04,-5.4609985826031514e-03,9.9808637423192716e-04,1.8145446701300177e-15,5.1801521222673614e-06,-7.7839593711449739e-05,
-2.1018311916737734e-04,-5.8763746464136771e-03,9.9299276024188534e-04,1.0792181413192258e-15,5.1783786014323739e-06,-7.1966322738736122e-05,
-2.1334752582848662e-04,-6.1372770226982322e-03,9.9310382986288756e-04,1.3741929604775849e-15,-3.7819305484373295e-07,4.8402475200081218e-05,
-2.1871574254988979e-04,-5.7619333753733256e-03,9.9334104293079674e-04,2.8334709574961710e-15,-6.7058546308796064e-08,1.2555537794913847e-04,
-2.1842946179280253e-04,-5.3878800507256835e-03,9.9348691888589079e-04,3.5310722815421651e-15,-6.6162359648976381e-08,1.2547337124078423e-04,
-2.1531250887849485e-04,-5.3317126641241877e-03,9.9834302420800610e-04,3.6729086658864337e-15,-6.8440606345500065e-08,4.8136377505603791e-05,

