1
1
6
0
(24 0
((0,0,0) (3,3,3) (0,0,0))
((20,0,0) (23,3,3) (0,0,0))
((16,0,0) (19,3,3) (0,0,0))
((12,0,0) (15,3,3) (0,0,0))
((8,0,0) (11,3,3) (0,0,0))
((4,0,0) (7,3,3) (0,0,0))
((0,4,0) (3,7,3) (0,0,0))
((20,4,0) (23,7,3) (0,0,0))
((16,4,0) (19,7,3) (0,0,0))
((12,4,0) (15,7,3) (0,0,0))
((8,4,0) (11,7,3) (0,0,0))
((4,4,0) (7,7,3) (0,0,0))
((0,0,4) (3,3,7) (0,0,0))
((20,0,4) (23,3,7) (0,0,0))
((16,0,4) (19,3,7) (0,0,0))
((12,0,4) (15,3,7) (0,0,0))
((8,0,4) (11,3,7) (0,0,0))
((4,0,4) (7,3,7) (0,0,0))
((0,4,4) (3,7,7) (0,0,0))
((20,4,4) (23,7,7) (0,0,0))
((16,4,4) (19,7,7) (0,0,0))
((12,4,4) (15,7,7) (0,0,0))
((8,4,4) (11,7,7) (0,0,0))
((4,4,4) (7,7,7) (0,0,0))
)
24
FabOnDisk: Cell_D_00000 0
FabOnDisk: Cell_D_00000 3158
FabOnDisk: Cell_D_00000 6318
FabOnDisk: Cell_D_00000 9478
FabOnDisk: Cell_D_00000 12638
FabOnDisk: Cell_D_00000 15797
FabOnDisk: Cell_D_00000 18955
FabOnDisk: Cell_D_00000 22113
FabOnDisk: Cell_D_00000 25273
FabOnDisk: Cell_D_00000 28433
FabOnDisk: Cell_D_00000 31593
FabOnDisk: Cell_D_00000 34752
FabOnDisk: Cell_D_00000 37910
FabOnDisk: Cell_D_00000 41068
FabOnDisk: Cell_D_00000 44228
FabOnDisk: Cell_D_00000 47388
FabOnDisk: Cell_D_00000 50548
FabOnDisk: Cell_D_00000 53707
FabOnDisk: Cell_D_00000 56865
FabOnDisk: Cell_D_00000 60023
FabOnDisk: Cell_D_00000 63183
FabOnDisk: Cell_D_00000 66343
FabOnDisk: Cell_D_00000 69503
FabOnDisk: Cell_D_00000 72662

24,6
-2.1391763465132115e-04,-5.6773115404951044e-03,9.7878966985754517e-04,-5.1310969611902772e-16,-1.9415902868350639e-07,4.4405417613143359e-06,
-2.1006636034525368e-04,-6.2034629412307547e-03,9.7033175487687981e-04,-3.2980646422142434e-16,2.9660113838562101e-07,6.3087157305230220e-06,
-2.1456683569454773e-04,-6.2919818152121663e-03,9.7076280073387744e-04,-4.4332758541869334e-16,-3.2025899393470439e-06,-2.8914057632968950e-06,
-2.1630790762463233e-04,-6.1117847130122303e-03,9.7823480637172213e-04,-1.1626467855644168e-15,-5.7416745507011051e-08,-7.5751348787906292e-06,
-2.1626271281539449e-04,-5.5156377652957273e-03,9.7834517299004160e-04,-7.7336187201747653e-16,-5.9465805604838850e-08,-7.5866020099255575e-06,
-2.1416199102687204e-04,-5.1493803206416125e-03,9.7843958273578563e-04,-6.4952900632530723e-16,-3.2029200772546729e-06,-2.9658697520593544e-06,
-2.1391763488732516e-04,-5.6773115406190053e-03,9.7878966995125320e-04,-2.3287778207804662e-15,-1.9415902870631998e-07,4.4405417626162238e-06,
-2.1006636110718142e-04,-6.2034629415027133e-03,9.7033175521884715e-04,-1.7988224364563542e-15,2.9660113862579307e-07,6.3087157296706782e-06,
-2.1456683104707476e-04,-6.2919818159798604e-03,9.7076280109269447e-04,-2.3021505272564191e-15,-3.2025899391620671e-06,-2.8914057689740402e-06,
-2.1630790818179241e-04,-6.1117847143001168e-03,9.7823480685354353e-04,-2.7912232840160205e-15,-5.7416747465874222e-08,-7.5751348782997160e-06,
-2.1626269069964445e-04,-5.5156377628546253e-03,9.7834517466155783e-04,-3.5078191336121630e-15,-5.9465806619956784e-08,-7.5866020108637820e-06,
-2.1416200029070848e-04,-5.1493803210523282e-03,9.7843958063082120e-04,-2.2789994660890578e-15,-3.2029200780371700e-06,-2.9658697563883229e-06,
-2.1391763488611429e-04,-5.6773115401298913e-03,9.7878966959352416e-04,-2.1744966568505359e-15,-1.9415902778611842e-07,4.4405417585436606e-06,
-2.1006636090826030e-04,-6.2034629405938084e-03,9.7033175443103485e-04,-1.7277757892341058e-15,2.9660113834693484e-07,6.3087157301905294e-06,
-2.1456683049000250e-04,-6.2919818152783625e-03,9.7076280072468666e-04,-2.4921213900708438e-15,-3.2025899379893327e-06,-2.8914057682654285e-06,
-2.1630790900095844e-04,-6.1117847125373827e-03,9.7823480508481579e-04,-2.7669703035376834e-15,-5.7416748550586712e-08,-7.5751348794986336e-06,
-2.1626268938524621e-04,-5.5156377631523628e-03,9.7834517489668268e-04,-2.8125923321606425e-15,-5.9465807330037520e-08,-7.5866020092988039e-06,
-2.1416200064862417e-04,-5.1493803199916255e-03,9.7843958054573865e-04,-3.5377829791290849e-15,-3.2029200766684029e-06,-2.9658697558490475e-06,
-2.1391763414976045e-04,-5.6773115403161191e-03,9.7878966966238358e-04,-2.4386560568555393e-15,-1.9415903003249680e-07,4.4405417628323985e-06,
-2.1006636329742490e-04,-6.2034629416844733e-03,9.7033175424901519e-04,-3.2336585490267157e-15,2.9660113877955729e-07,6.3087157312551058e-06,
-2.1456682350618720e-04,-6.2919818153098174e-03,9.7076280084790634e-04,-2.2678403816732640e-15,-3.2025899374010996e-06,-2.8914057684107565e-06,
-2.1630790883887233e-04,-6.1117847136524647e-03,9.7823480567477074e-04,-5.4155422934783859e-15,-5.7416746077226961e-08,-7.5751348808751265e-06,
-2.1626268158145070e-04,-5.5156377629864113e-03,9.7834517463693820e-04,-4.4563500830603487e-15,-5.9465809261531944e-08,-7.5866020156592929e-06,
-2.1416200041152132e-04,-5.1493803210338838e-03,9.7843958242862118e-04,-4.3719523008919460e-15,-3.2029200774854161e-06,-2.9658697502079665e-06,

24,6
-2.1091217709961387e-04,-5.2479613073949452e-03,9.8632448295197465e-04,2.5657622801051407e-15,2.4467409286931927e-06,8.4415508038411267e-06,
-2.0703607166504159e-04,-5.8362284640140379e-03,9.7786403042115057e-04,2.8290705304076198e-15,2.4463211928647723e-06,7.9510312536538116e-06,
-2.1014550851607968e-04,-6.2100042907454701e-03,9.7821825145915004e-04,2.6457000065883032e-15,-2.0597174618204394e-08,2.7816898317163705e-06,
-2.1523815667264459e-04,-5.6752871024952642e-03,9.7831413268801366e-04,3.5837541997905487e-15,-2.9707642078618507e-08,-4.6204519677014136e-06,
-2.1491758336477279e-04,-5.1414172462343182e-03,9.7842357719838909e-04,2.9227407250510031e-15,-4.2120776703548390e-08,-4.6891638022933001e-06,
-2.1220616686631164e-04,-5.0592360704991967e-03,9.8589364722904927e-04,4.4137946103945948e-15,-2.0750101049198092e-08,7.2192074364545159e-07,
-2.1091217667116148e-04,-5.2479613070459076e-03,9.8632448316873724e-04,2.3854162267926358e-15,2.4467409276776608e-06,8.4415508056065247e-06,
-2.0703607312708787e-04,-5.8362284650953508e-03,9.7786403012815014e-04,1.9796647184097714e-15,2.4463211931988853e-06,7.9510312539537696e-06,
-2.1014551037117562e-04,-6.2100042903620737e-03,9.7821825152470394e-04,2.8120235161447299e-15,-2.0597173497435098e-08,2.7816898358321875e-06,
-2.1523816668359691e-04,-5.6752871088265842e-03,9.7831412737322903e-04,2.2321982524994969e-15,-2.9707641412956939e-08,-4.6204519698170969e-06,
-2.1491758072096344e-04,-5.1414172433659920e-03,9.7842357967839878e-04,3.7157170213020450e-15,-4.2120776410432037e-08,-4.6891638065631627e-06,
-2.1220616796570040e-04,-5.0592360725984714e-03,9.8589364617894916e-04,2.2670070296136296e-15,-2.0750098200471442e-08,7.2192074380923812e-07,
-2.1091217665498158e-04,-5.2479613069511544e-03,9.8632448343516127e-04,1.3684179130490563e-15,2.4467409295211158e-06,8.4415508035059914e-06,
-2.0703607295722066e-04,-5.8362284643715167e-03,9.7786402955094649e-04,1.2632166065231329e-15,2.4463211916056774e-06,7.9510312536683568e-06,
-2.1014551036869052e-04,-6.2100042906197426e-03,9.7821825229614913e-04,1.1000288582465131e-15,-2.0597171975652380e-08,2.7816898336899776e-06,
-2.1523816770410893e-04,-5.6752871082425211e-03,9.7831412688882138e-04,1.6731572387253395e-15,-2.9707641411887457e-08,-4.6204519698726877e-06,
-2.1491757976691047e-04,-5.1414172434929382e-03,9.7842358032101538e-04,2.2103203703052201e-15,-4.2120779764384743e-08,-4.6891638027627715e-06,
-2.1220616855881848e-04,-5.0592360698481966e-03,9.8589364436794751e-04,2.4353266561077046e-15,-2.0750102206101291e-08,7.2192074590362999e-07,
-2.1091217578614427e-04,-5.2479613073286536e-03,9.8632448308519881e-04,1.3727916946337897e-15,2.4467409303742893e-06,8.4415508039941907e-06,
-2.0703607350115150e-04,-5.8362284653296868e-03,9.7786402930493473e-04,5.8096920357301964e-16,2.4463211936138582e-06,7.9510312552461285e-06,
-2.1014550791546131e-04,-6.2100042900856064e-03,9.7821825257251509e-04,1.4931186487623346e-15,-2.0597172925509353e-08,2.7816898353454586e-06,
-2.1523817849783460e-04,-5.6752871096627019e-03,9.7831412607313033e-04,2.1574719450225642e-15,-2.9707639559186132e-08,-4.6204519672296247e-06,
-2.1491758145830876e-04,-5.1414172448727112e-03,9.7842357881842133e-04,1.9564443530841794e-15,-4.2120783350311238e-08,-4.6891637963984844e-06,
-2.1220617085380525e-04,-5.0592360733891706e-03,9.8589364339204586e-04,2.1059609146151631e-15,-2.0750097408338512e-08,7.2192074527664562e-07,

