1
1
6
0
(24 0
((0,0,0) (3,3,3) (0,0,0))
((20,0,0) (23,3,3) (0,0,0))
((16,0,0) (19,3,3) (0,0,0))
((12,0,0) (15,3,3) (0,0,0))
((8,0,0) (11,3,3) (0,0,0))
((4,0,0) (7,3,3) (0,0,0))
((0,4,0) (3,7,3) (0,0,0))
((20,4,0) (23,7,3) (0,0,0))
((16,4,0) (19,7,3) (0,0,0))
((12,4,0) (15,7,3) (0,0,0))
((8,4,0) (11,7,3) (0,0,0))
((4,4,0) (7,7,3) (0,0,0))
((0,0,4) (3,3,7) (0,0,0))
((20,0,4) (23,3,7) (0,0,0))
((16,0,4) (19,3,7) (0,0,0))
((12,0,4) (15,3,7) (0,0,0))
((8,0,4) (11,3,7) (0,0,0))
((4,0,4) (7,3,7) (0,0,0))
((0,4,4) (3,7,7) (0,0,0))
((20,4,4) (23,7,7) (0,0,0))
((16,4,4) (19,7,7) (0,0,0))
((12,4,4) (15,7,7) (0,0,0))
((8,4,4) (11,7,7) (0,0,0))
((4,4,4) (7,7,7) (0,0,0))
)
24
FabOnDisk: Cell_D_00000 0
FabOnDisk: Cell_D_00002 0
FabOnDisk: Cell_D_00002 3160
FabOnDisk: Cell_D_00001 0
FabOnDisk: Cell_D_00001 3160
FabOnDisk: Cell_D_00000 3158
FabOnDisk: Cell_D_00000 6316
FabOnDisk: Cell_D_00003 0
FabOnDisk: Cell_D_00003 3160
FabOnDisk: Cell_D_00001 6319
FabOnDisk: Cell_D_00001 9479
FabOnDisk: Cell_D_00000 9474
FabOnDisk: Cell_D_00000 12632
FabOnDisk: Cell_D_00003 6320
FabOnDisk: Cell_D_00003 9480
FabOnDisk: Cell_D_00002 6320
FabOnDisk: Cell_D_00002 9480
FabOnDisk: Cell_D_00000 15790
FabOnDisk: Cell_D_00001 12638
FabOnDisk: Cell_D_00003 12640
FabOnDisk: Cell_D_00003 15800
FabOnDisk: Cell_D_00002 12639
FabOnDisk: Cell_D_00002 15799
FabOnDisk: Cell_D_00001 15796

24,6
-1.5370716439008404e-04,-4.1191982365532433e-03,7.1002552682616470e-04,-7.0931485686032146e-16,3.8235731910719382e-09,3.4422370643078149e-04,
-1.5387608836254211e-04,-4.7734524447797964e-03,7.0999756497475662e-04,-7.4913208124344696e-16,5.4144361014022851e-09,3.4413545935187102e-04,
-1.5535300015346971e-04,-4.8747734421472682e-03,7.0999159462423102e-04,-6.6368861688585906e-16,-1.9768592736736468e-09,-2.1641152891788316e-04,
-1.5618510546306592e-04,-4.6537247838181455e-03,7.0999763409299174e-04,-8.2432329289081742e-16,-7.3910373941030866e-09,-5.6054713837395845e-04,
-1.5616347050820376e-04,-3.9242068359512574e-03,7.1002563353257718e-04,-8.5893905034768461e-16,-7.6533189700591388e-09,-5.6053269943923004e-04,
-1.5518319850007573e-04,-3.4651989195675515e-03,7.1004959422789132e-04,-9.8798107433079385e-16,-3.8318615307103505e-09,-2.1630911327879111e-04,
-1.5370717090725365e-04,-4.1191982363697659e-03,7.1002552652202529e-04,-2.6584027395050251e-15,3.8235730717569466e-09,3.4422370643071091e-04,
-1.5387608467002463e-04,-4.7734524452361224e-03,7.0999756470666335e-04,-2.0968167463130481e-15,5.4144335555377291e-09,3.4413545935220045e-04,
-1.5535299970293967e-04,-4.8747734409092030e-03,7.0999159431132735e-04,-1.9883392375416483e-15,-1.9768610259066487e-09,-2.1641152891824220e-04,
-1.5618509753979307e-04,-4.6537247827051079e-03,7.0999763311241793e-04,-2.0919735222842715e-15,-7.3910391643179206e-09,-5.6054713837351165e-04,
-1.5616345755100968e-04,-3.9242068378605843e-03,7.1002563183454083e-04,-2.4912599953067811e-15,-7.6533199002258701e-09,-5.6053269943816817e-04,
-1.5518320148568546e-04,-3.4651989192789738e-03,7.1004959382152876e-04,-2.3146551176575550e-15,-3.8318619199706230e-09,-2.1630911327887045e-04,
-1.5370717098956316e-04,-4.1191982370537743e-03,7.1002552810109940e-04,-1.1926358555148041e-15,3.8235728859056856e-09,3.4422370643058580e-04,
-1.5387608500864105e-04,-4.7734524453499731e-03,7.0999756597765523e-04,-1.2573727714184512e-15,5.4144331987246418e-09,3.4413545935278169e-04,
-1.5535299976730048e-04,-4.8747734424246141e-03,7.0999159714882180e-04,-1.1125019761376130e-15,-1.9768591838671837e-09,-2.1641152891859660e-04,
-1.5618509795413291e-04,-4.6537247843740012e-03,7.0999763567035779e-04,-1.1110237058757823e-15,-7.3910349776350333e-09,-5.6054713837284758e-04,
-1.5616345579984840e-04,-3.9242068378044026e-03,7.1002563200458666e-04,-1.5846397959429642e-15,-7.6533194033516382e-09,-5.6053269943964496e-04,
-1.5518320120759191e-04,-3.4651989202793901e-03,7.1004959565653205e-04,-1.6678231679293567e-15,-3.8318602555287099e-09,-2.1630911327899372e-04,
-1.5370717796709746e-04,-4.1191982354620051e-03,7.1002552853071494e-04,-2.9166299617260153e-15,3.8235720189886780e-09,3.4422370643077531e-04,
-1.5387608332899507e-04,-4.7734524439843225e-03,7.0999756681910573e-04,-2.4412938027969568e-15,5.4144327246292501e-09,3.4413545935293148e-04,
-1.5535298926660045e-04,-4.8747734413888150e-03,7.0999159645394416e-04,-2.7131586809057629e-15,-1.9768635542186869e-09,-2.1641152891805121e-04,
-1.5618510060149524e-04,-4.6537247830126067e-03,7.0999763565939640e-04,-2.1165054002338517e-15,-7.3910350040877258e-09,-5.6054713837382910e-04,
-1.5616344953717248e-04,-3.9242068350451471e-03,7.1002563516669418e-04,-2.8815915782495268e-15,-7.6533215511459875e-09,-5.6053269943778577e-04,
-1.5518321247321394e-04,-3.4651989190781930e-03,7.1004959578562996e-04,-2.5065521396582371e-15,-3.8318611636554388e-09,-2.1630911327986756e-04,

24,6
-1.5320688706428251e-04,-3.5851806247023843e-03,7.1004565462000270e-04,2.4412229327001984e-15,7.3929992805743898e-09,5.6054716613666942e-04,
-1.5323613047407255e-04,-4.3146982430737838e-03,7.1001764560000842e-04,2.6937323681935153e-15,7.6546033161081189e-09,5.6053262822485460e-04,
-1.5422363832024352e-04,-4.7737066930241337e-03,7.0999369552134030e-04,2.4387831058219568e-15,3.8297480193855510e-09,2.1630899397463363e-04,
-1.5567490188771001e-04,-4.1197067755892759e-03,7.1001775869225568e-04,2.8842096869924599e-15,-3.8227397835368099e-09,-3.4422351591430455e-04,
-1.5553438132208145e-04,-3.4654531901024848e-03,7.1004571889170362e-04,2.9323307826886840e-15,-5.4161327921938184e-09,-3.4413563822580502e-04,
-1.5403308448380830e-04,-3.3641323861099541e-03,7.1005169179217764e-04,2.8458677779722546e-15,1.9766003891945861e-09,2.1641168002577675e-04,
-1.5320688179749488e-04,-3.5851806268051381e-03,7.1004565504543236e-04,1.7605275889237885e-15,7.3929979249828271e-09,5.6054716613799507e-04,
-1.5323613237991642e-04,-4.3146982442326372e-03,7.1001764719109961e-04,1.6757132378324055e-15,7.6546034153456370e-09,5.6053262822559902e-04,
-1.5422364658555820e-04,-4.7737066959842138e-03,7.0999369330767420e-04,1.3675391012060574e-15,3.8297475965797471e-09,2.1630899397443991e-04,
-1.5567490472669603e-04,-4.1197067815874752e-03,7.1001775503495596e-04,1.7433550114641001e-15,-3.8227392558643558e-09,-3.4422351591432987e-04,
-1.5553438133691799e-04,-3.4654531912888505e-03,7.1004571876608297e-04,2.0107100755125697e-15,-5.4161346116205842e-09,-3.4413563822644383e-04,
-1.5403308004289555e-04,-3.3641323844307170e-03,7.1005169626355859e-04,1.8745650865347112e-15,1.9765978162889193e-09,2.1641168002608507e-04,
-1.5320688198379093e-04,-3.5851806238921743e-03,7.1004565297327145e-04,1.6553252851566284e-15,7.3929978364469994e-09,5.6054716613784025e-04,
-1.5323613395968127e-04,-4.3146982413105779e-03,7.1001764473320472e-04,1.7394059364461413e-15,7.6546002662145868e-09,5.6053262822535887e-04,
-1.5422364713780395e-04,-4.7737066949481051e-03,7.0999369337235835e-04,1.6392813725657812e-15,3.8297443905513837e-09,2.1630899397489026e-04,
-1.5567490605527276e-04,-4.1197067796159628e-03,7.1001775362919525e-04,1.5507132605563433e-15,-3.8227406104438209e-09,-3.4422351591449071e-04,
-1.5553438050350639e-04,-3.4654531900368832e-03,7.1004571857510824e-04,2.1071479582095507e-15,-5.4161322440904466e-09,-3.4413563822508609e-04,
-1.5403308174698568e-04,-3.3641323821105682e-03,7.1005169421067100e-04,2.3516743733969280e-15,1.9766004407983065e-09,2.1641168002621103e-04,
-1.5320687697117195e-04,-3.5851806255432425e-03,7.1004565378446295e-04,1.3646532008932258e-15,7.3929958645829030e-09,5.6054716613938805e-04,
-1.5323614263767829e-04,-4.3146982441435999e-03,7.1001764439778509e-04,1.1283498627527576e-15,7.6546001315119860e-09,5.6053262822587332e-04,
-1.5422365089083075e-04,-4.7737066945152022e-03,7.0999369472243780e-04,9.7337481945203315e-16,3.8297434574381234e-09,2.1630899397477276e-04,
-1.5567492274926934e-04,-4.1197067854096374e-03,7.1001774940388862e-04,1.4574724287147085e-15,-3.8227392700844632e-09,-3.4422351591474983e-04,
-1.5553437073395011e-04,-3.4654531906805632e-03,7.1004571918590340e-04,1.3573709746444537e-15,-5.4161356586999190e-09,-3.4413563822340677e-04,
-1.5403307406427387e-04,-3.3641323881538360e-03,7.1005169018497835e-04,1.5965121538549469e-15,1.9766002218842919e-09,2.1641168002553354e-04,

