1
1
6
0
(24 0
((0,0,0) (3,3,3) (0,0,0))
((20,0,0) (23,3,3) (0,0,0))
((16,0,0) (19,3,3) (0,0,0))
((12,0,0) (15,3,3) (0,0,0))
((8,0,0) (11,3,3) (0,0,0))
((4,0,0) (7,3,3) (0,0,0))
((0,4,0) (3,7,3) (0,0,0))
((20,4,0) (23,7,3) (0,0,0))
((16,4,0) (19,7,3) (0,0,0))
((12,4,0) (15,7,3) (0,0,0))
((8,4,0) (11,7,3) (0,0,0))
((4,4,0) (7,7,3) (0,0,0))
((0,0,4) (3,3,7) (0,0,0))
((20,0,4) (23,3,7) (0,0,0))
((16,0,4) (19,3,7) (0,0,0))
((12,0,4) (15,3,7) (0,0,0))
((8,0,4) (11,3,7) (0,0,0))
((4,0,4) (7,3,7) (0,0,0))
((0,4,4) (3,7,7) (0,0,0))
((20,4,4) (23,7,7) (0,0,0))
((16,4,4) (19,7,7) (0,0,0))
((12,4,4) (15,7,7) (0,0,0))
((8,4,4) (11,7,7) (0,0,0))
((4,4,4) (7,7,7) (0,0,0))
)
24
FabOnDisk: Cell_D_00000 0
FabOnDisk: Cell_D_00000 3158
FabOnDisk: Cell_D_00000 6318
FabOnDisk: Cell_D_00000 9478
FabOnDisk: Cell_D_00000 12638
FabOnDisk: Cell_D_00000 15797
FabOnDisk: Cell_D_00000 18955
FabOnDisk: Cell_D_00000 22113
FabOnDisk: Cell_D_00000 25273
FabOnDisk: Cell_D_00000 28433
FabOnDisk: Cell_D_00000 31593
FabOnDisk: Cell_D_00000 34752
FabOnDisk: Cell_D_00000 37910
FabOnDisk: Cell_D_00000 41068
FabOnDisk: Cell_D_00000 44228
FabOnDisk: Cell_D_00000 47388
FabOnDisk: Cell_D_00000 50548
FabOnDisk: Cell_D_00000 53707
FabOnDisk: Cell_D_00000 56865
FabOnDisk: Cell_D_00000 60023
FabOnDisk: Cell_D_00000 63183
FabOnDisk: Cell_D_00000 66343
FabOnDisk: Cell_D_00000 69503
FabOnDisk: Cell_D_00000 72662

24,6
-8.3539060429182302e-05,-2.2317594525285648e-03,3.8466439316205999e-04,-2.4715001317367382e-17,2.4924909798919126e-10,5.3552608284291496e-04,
-8.3559507824033696e-05,-2.6443971845434870e-03,3.8466034549871150e-04,-4.4346309574679191e-17,3.6809884014953978e-10,5.3552807647860141e-04,
-8.3984561847582945e-05,-2.7082365695299715e-03,3.8465947167230785e-04,-4.5560636887420273e-17,-1.2483005621155349e-10,-3.3664522328308148e-04,
-8.4235699034478708e-05,-2.5686893528373170e-03,3.8466033244612542e-04,-1.7553391471528782e-16,-4.9292195472999565e-10,-8.7217330999671500e-04,
-8.4232839613448404e-05,-2.1084597376418669e-03,3.8466436996292721e-04,-8.4769285971678853e-17,-5.1248726779686275e-10,-8.7217364267349457e-04,
-8.3962822863039826e-05,-1.8191315136916206e-03,3.8466784952038323e-04,-1.7860818744351861e-16,-2.6328492359324341e-10,-3.3664756541791884e-04,
-8.3539057428256108e-05,-2.2317594533465624e-03,3.8466439292089585e-04,-4.4864587879764552e-17,2.4924909988806376e-10,5.3552608284315923e-04,
-8.3559506329083279e-05,-2.6443971852433950e-03,3.8466034587956484e-04,-5.6985378849085154e-17,3.6809873738198109e-10,5.3552807647862417e-04,
-8.3984557044980022e-05,-2.7082365702962587e-03,3.8465947130042824e-04,-5.6213693898641023e-17,-1.2483013965746257e-10,-3.3664522328314355e-04,
-8.4235699828478272e-05,-2.5686893540422802e-03,3.8466033325580175e-04,-1.1355962387466234e-16,-4.9292208906006670e-10,-8.7217330999662512e-04,
-8.4232816752881178e-05,-2.1084597362238367e-03,3.8466437005536065e-04,-1.6335757849278268e-16,-5.1248752974702471e-10,-8.7217364267290747e-04,
-8.3962832896185920e-05,-1.8191315145703003e-03,3.8466784885202485e-04,-1.7056987785227676e-16,-2.6328505149311793e-10,-3.3664756541820263e-04,
-8.3539056823851981e-05,-2.2317594528819809e-03,3.8466439211922219e-04,-4.5904457863891554e-17,2.4924898188463404e-10,5.3552608284289339e-04,
-8.3559506318195111e-05,-2.6443971838482159e-03,3.8466034432820337e-04,-6.3368121347696997e-17,3.6809877970369190e-10,5.3552807647863025e-04,
-8.3984556501221381e-05,-2.7082365692901646e-03,3.8465947068186125e-04,-8.4076897941206422e-17,-1.2483002707841591e-10,-3.3664522328315455e-04,
-8.4235700705301869e-05,-2.5686893520051862e-03,3.8466033111547162e-04,-1.2041668431055001e-16,-4.9292186757698765e-10,-8.7217330999671326e-04,
-8.4232815215431526e-05,-2.1084597366429754e-03,3.8466437032265606e-04,-1.4293792313930349e-16,-5.1248779410350895e-10,-8.7217364267310577e-04,
-8.3962833177556807e-05,-1.8191315129745256e-03,3.8466784703865584e-04,-1.7134305492691722e-16,-2.6328503718263323e-10,-3.3664756541831544e-04,
-8.3539054318335733e-05,-2.2317594533247383e-03,3.8466439209328064e-04,-4.7909455966881276e-17,2.4924884001687965e-10,5.3552608284330679e-04,
-8.3559507548954678e-05,-2.6443971851386689e-03,3.8466034461823959e-04,-4.6594914445575767e-17,3.6809878356886842e-10,5.3552807647858915e-04,
-8.3984549450367204e-05,-2.7082365700000885e-03,3.8465947031574743e-04,-1.2021913370195292e-16,-1.2483023604642988e-10,-3.3664522328304781e-04,
-8.4235700011894379e-05,-2.5686893534901147e-03,3.8466033162189964e-04,-8.9415245914025964e-17,-4.9292173479539219e-10,-8.7217330999691254e-04,
-8.4232804764448457e-05,-2.1084597366679207e-03,3.8466436960086565e-04,-1.9539101326590120e-16,-5.1248779501217884e-10,-8.7217364267275861e-04,
-8.3962833895339994e-05,-1.8191315142399446e-03,3.8466784926321482e-04,-8.4689993410683391e-17,-2.6328520394028906e-10,-3.3664756541823071e-04,

24,6
-8.3383711318645097e-05,-1.8948490194208363e-03,3.8466729335042213e-04,5.2985733917649721e-17,4.9296575604944096e-10,8.7217330970059466e-04,
-8.3387183425350544e-05,-2.3550786115327949e-03,3.8466325473720067e-04,6.4493717170357446e-17,5.1251670641409029e-10,8.7217363658519413e-04,
-8.3657724994251118e-05,-2.6444068846769452e-03,3.8465977596857252e-04,1.4861139549337191e-16,2.6323804000652497e-10,3.3664755984264629e-04,
-8.4079554964984536e-05,-2.2317788736937148e-03,3.8466324000873531e-04,8.6511545258052517e-17,-2.4923186166551978e-10,-5.3552607117978541e-04,
-8.4061315487157049e-05,-1.8191412353918111e-03,3.8466728145089270e-04,1.7304491352571592e-16,-3.6813527405538164e-10,-5.3552808643043633e-04,
-8.3634372141597166e-05,-1.7553018620491019e-03,3.8466815717741487e-04,1.3192955005393433e-16,1.2482295727477809e-10,3.3664523353165858e-04,
-8.3383710724572088e-05,-1.8948490192829790e-03,3.8466729355524987e-04,3.4523090246693922e-17,4.9296577227626950e-10,8.7217330970058491e-04,
-8.3387185125296135e-05,-2.3550786128827845e-03,3.8466325446382424e-04,4.6142990346566737e-17,5.1251678059173992e-10,8.7217363658508484e-04,
-8.3657726828257806e-05,-2.6444068845988540e-03,3.8465977608167042e-04,8.5908143080111671e-17,2.6323796726554016e-10,3.3664755984266916e-04,
-8.4079565128446771e-05,-2.2317788805177332e-03,3.8466323444646543e-04,1.3033434500195543e-16,-2.4923168148741841e-10,-5.3552607118021649e-04,
-8.4061312652751013e-05,-1.8191412325380472e-03,3.8466728428825678e-04,1.3445486785189863e-16,-3.6813526601512849e-10,-5.3552808643032358e-04,
-8.3634372920375209e-05,-1.7553018647746969e-03,3.8466815546819367e-04,1.2813974766226254e-16,1.2482283953651866e-10,3.3664523353136748e-04,
-8.3383710661520040e-05,-1.8948490189897101e-03,3.8466729337495714e-04,5.1976912748414472e-17,4.9296576018922443e-10,8.7217330970064324e-04,
-8.3387185593401778e-05,-2.3550786118737722e-03,3.8466325338486614e-04,3.4412894601855785e-17,5.1251672309439103e-10,8.7217363658517418e-04,
-8.3657727293016355e-05,-2.6444068844189554e-03,3.8465977559469760e-04,1.1996526118611592e-16,2.6323788859655106e-10,3.3664755984259115e-04,
-8.4079566330970976e-05,-2.2317788797060227e-03,3.8466323354124286e-04,1.1865175542034808e-16,-2.4923163413806888e-10,-5.3552607117990554e-04,
-8.4061311763254082e-05,-1.8191412322641595e-03,3.8466728430704475e-04,1.3555502215028952e-16,-3.6813552176569899e-10,-5.3552808643051320e-04,
-8.3634373466862734e-05,-1.7553018616192557e-03,3.8466815434885998e-04,1.1144826743411023e-16,1.2482291772197307e-10,3.3664523353162308e-04,
-8.3383709595412537e-05,-1.8948490196436212e-03,3.8466729301416740e-04,4.6376399285181847e-17,4.9296575911541299e-10,8.7217330970068856e-04,
-8.3387190525082818e-05,-2.3550786131507017e-03,3.8466325309542850e-04,4.4089460524628639e-17,5.1251681182324086e-10,8.7217363658506045e-04,
-8.3657724260574856e-05,-2.6444068842034368e-03,3.8465977549858438e-04,3.1958552501713925e-17,2.6323788151374190e-10,3.3664755984275400e-04,
-8.4079579406360448e-05,-2.2317788815608432e-03,3.8466323250073100e-04,1.9156481105288912e-16,-2.4923150933495690e-10,-5.3552607118039180e-04,
-8.4061313644168885e-05,-1.8191412340516715e-03,3.8466728279261088e-04,1.0901353258309120e-16,-3.6813563548299606e-10,-5.3552808642999962e-04,
-8.3634375279695549e-05,-1.7553018666820988e-03,3.8466815476709997e-04,1.5959878633478277e-16,1.2482307846925596e-10,3.3664523353129158e-04,

