1
1
6
0
(24 0
((0,0,0) (3,3,3) (0,0,0))
((20,0,0) (23,3,3) (0,0,0))
((16,0,0) (19,3,3) (0,0,0))
((12,0,0) (15,3,3) (0,0,0))
((8,0,0) (11,3,3) (0,0,0))
((4,0,0) (7,3,3) (0,0,0))
((0,4,0) (3,7,3) (0,0,0))
((20,4,0) (23,7,3) (0,0,0))
((16,4,0) (19,7,3) (0,0,0))
((12,4,0) (15,7,3) (0,0,0))
((8,4,0) (11,7,3) (0,0,0))
((4,4,0) (7,7,3) (0,0,0))
((0,0,4) (3,3,7) (0,0,0))
((20,0,4) (23,3,7) (0,0,0))
((16,0,4) (19,3,7) (0,0,0))
((12,0,4) (15,3,7) (0,0,0))
((8,0,4) (11,3,7) (0,0,0))
((4,0,4) (7,3,7) (0,0,0))
((0,4,4) (3,7,7) (0,0,0))
((20,4,4) (23,7,7) (0,0,0))
((16,4,4) (19,7,7) (0,0,0))
((12,4,4) (15,7,7) (0,0,0))
((8,4,4) (11,7,7) (0,0,0))
((4,4,4) (7,7,7) (0,0,0))
)
24
FabOnDisk: Cell_D_00000 0
FabOnDisk: Cell_D_00002 0
FabOnDisk: Cell_D_00002 3160
FabOnDisk: Cell_D_00001 0
FabOnDisk: Cell_D_00001 3160
FabOnDisk: Cell_D_00000 3158
FabOnDisk: Cell_D_00000 6316
FabOnDisk: Cell_D_00003 0
FabOnDisk: Cell_D_00003 3160
FabOnDisk: Cell_D_00001 6319
FabOnDisk: Cell_D_00001 9479
FabOnDisk: Cell_D_00000 9474
FabOnDisk: Cell_D_00000 12632
FabOnDisk: Cell_D_00003 6320
FabOnDisk: Cell_D_00003 9480
FabOnDisk: Cell_D_00002 6320
FabOnDisk: Cell_D_00002 9480
FabOnDisk: Cell_D_00000 15790
FabOnDisk: Cell_D_00001 12638
FabOnDisk: Cell_D_00003 12640
FabOnDisk: Cell_D_00003 15800
FabOnDisk: Cell_D_00002 12639
FabOnDisk: Cell_D_00002 15799
FabOnDisk: Cell_D_00001 15796

24,6
-1.8022604004554229e-04,-4.8369893221174637e-03,8.3371310567618756e-04,-1.8246486914472367e-15,8.8709376788397625e-09,2.2651303029934831e-04,
-1.8051091650223775e-04,-5.5182746521409672e-03,8.3366289939935674e-04,-1.6535436496986547e-15,1.2550904426910710e-08,2.2634514563079239e-04,
-1.8258729698543413e-04,-5.6236965514514887e-03,8.3365205826507022e-04,-1.4951110138333204e-15,-4.5893559876798883e-09,-1.4243659407100240e-04,
-1.8374343137850718e-04,-5.3933380946902401e-03,8.3366274885062798e-04,-1.4613404975666028e-15,-1.7139149521061122e-08,-3.6878207960338292e-04,
-1.8370933447913994e-04,-4.6335146679362315e-03,8.3371284308415697e-04,-1.7089992037733778e-15,-1.7746149996963050e-08,-3.6875465222494815e-04,
-1.8231147690906318e-04,-4.1557680084127495e-03,8.3375599870241844e-04,-1.9577223955204827e-15,-8.8815885242979831e-09,-1.4224193784629892e-04,
-1.8022604617068654e-04,-4.8369893217998280e-03,8.3371310540426282e-04,-5.3813178440476256e-15,8.8709388300944197e-09,2.2651303030031157e-04,
-1.8051091279206924e-04,-5.5182746525050076e-03,8.3366289909578804e-04,-4.6701280441490332e-15,1.2550900294123304e-08,2.2634514563132764e-04,
-1.8258729660155257e-04,-5.6236965501044022e-03,8.3365205734505367e-04,-4.3947729990791403e-15,-4.5893591943980435e-09,-1.4243659407276355e-04,
-1.8374342361923333e-04,-5.3933380934744609e-03,8.3366274787208532e-04,-4.1743084866361039e-15,-1.7139152910124280e-08,-3.6878207960345849e-04,
-1.8370932139808273e-04,-4.6335146697419338e-03,8.3371284141528523e-04,-5.1672639889714180e-15,-1.7746148470807567e-08,-3.6875465222490505e-04,
-1.8231147980335403e-04,-4.1557680080168153e-03,8.3375599909944363e-04,-4.9170535663501471e-15,-8.8815891158910555e-09,-1.4224193784777335e-04,
-1.8022604624179522e-04,-4.8369893226034672e-03,8.3371310701221726e-04,-3.2223688076543294e-15,8.8709393100241247e-09,2.2651303029931453e-04,
-1.8051091311249292e-04,-5.5182746527361153e-03,8.3366290039460966e-04,-3.1336239436657119e-15,1.2550897319522943e-08,2.2634514563179956e-04,
-1.8258729666339335e-04,-5.6236965517199779e-03,8.3365205842099639e-04,-2.6746043511363404e-15,-4.5893560938655673e-09,-1.4243659407336007e-04,
-1.8374342405428154e-04,-5.3933380952454974e-03,8.3366275047429251e-04,-2.6241650031120041e-15,-1.7139147960939128e-08,-3.6878207960110349e-04,
-1.8370931968643035e-04,-4.6335146697797404e-03,8.3371284160684196e-04,-3.3369174957319358e-15,-1.7746147207306059e-08,-3.6875465222573815e-04,
-1.8231147948127573e-04,-4.1557680091362254e-03,8.3375599886901055e-04,-3.6013043079312773e-15,-8.8815836087639730e-09,-1.4224193784620283e-04,
-1.8022605312253590e-04,-4.8369893208837934e-03,8.3371310743676427e-04,-6.1008497354980455e-15,8.8709388925391924e-09,2.2651303029987111e-04,
-1.8051091142444207e-04,-5.5182746512543734e-03,8.3366290123208146e-04,-5.4191122811758999e-15,1.2550896263642731e-08,2.2634514563292421e-04,
-1.8258728620483504e-04,-5.6236965505614888e-03,8.3365205949443503e-04,-5.4504477114990223e-15,-4.5893638339110980e-09,-1.4243659407396750e-04,
-1.8374342657873731e-04,-5.3933380938047540e-03,8.3366275039126929e-04,-4.8635287584612540e-15,-1.7139148685158790e-08,-3.6878207960288646e-04,
-1.8370931352180376e-04,-4.6335146669074859e-03,8.3371284476470146e-04,-5.9939417217682106e-15,-1.7746147084987623e-08,-3.6875465222462885e-04,
-1.8231149035587081e-04,-4.1557680078053421e-03,8.3375599917281517e-04,-5.4063201456851350e-15,-8.8815855629887613e-09,-1.4224193784788465e-04,

24,6
-1.7953993042467734e-04,-4.2807670902020589e-03,8.3374907157942007e-04,5.2813485175450365e-15,1.7145226984245924e-08,3.6878217808550680e-04,
-1.7958983354597453e-04,-5.0405898326631735e-03,8.3369895394581439e-04,5.7434722436662924e-15,1.7750295805423534e-08,3.6875451061426804e-04,
-1.8100258420834363e-04,-5.5183375468976763e-03,8.3365580894753611e-04,5.2794988326487008e-15,8.8752132723900150e-09,1.4224162565511358e-04,
-1.8303660663339217e-04,-4.8371150846391875e-03,8.3369870112447728e-04,6.4978457562344518e-15,-8.8687108939868142e-09,-2.2651257650164040e-04,
-1.8281072636056761e-04,-4.1558308594204351e-03,8.3374890409863259e-04,5.6157512390382377e-15,-1.2555859785348585e-08,-2.2634558787249328e-04,
-1.8068361546042731e-04,-4.0504093584997174e-03,8.3375976417413879e-04,6.0404316995104076e-15,4.5882501442458568e-09,1.4243693782961121e-04,
-1.7953992528126856e-04,-4.2807670920927644e-03,8.3374907194688058e-04,3.6272157001659035e-15,1.7145224595343358e-08,3.6878217808632044e-04,
-1.7958983538430282e-04,-5.0405898335727992e-03,8.3369895552340585e-04,3.2395587454037697e-15,1.7750296170006661e-08,3.6875451061772660e-04,
-1.8100259239771862e-04,-5.5183375495947195e-03,8.3365580941370022e-04,3.2358819420633486e-15,8.8752130929962090e-09,1.4224162565680621e-04,
-1.8303660944851219e-04,-4.8371150902740264e-03,8.3369869749062408e-04,3.0181705957107142e-15,-8.8687098600410752e-09,-2.2651257650125751e-04,
-1.8281072643939599e-04,-4.1558308603970697e-03,8.3374890385644828e-04,4.1973724791229020e-15,-1.2555862327658968e-08,-2.2634558787576746e-04,
-1.8068361112191428e-04,-4.0504093564994589e-03,8.3375976252646558e-04,3.5100964522286853e-15,4.5882462526119595e-09,1.4243693782950662e-04,
-1.7953992547417762e-04,-4.2807670894569830e-03,8.3374907010473902e-04,3.2708268817116516e-15,1.7145223648282086e-08,3.6878217808630510e-04,
-1.7958983691814966e-04,-5.0405898309184623e-03,8.3369895326359069e-04,3.0628838833902783e-15,1.7750292502543510e-08,3.6875451061580582e-04,
-1.8100259293323453e-04,-5.5183375488653567e-03,8.3365580765151206e-04,2.8426351323089632e-15,8.8752096275575757e-09,1.4224162565555222e-04,
-1.8303661072822393e-04,-4.8371150886431799e-03,8.3369869634728649e-04,3.2027721466331631e-15,-8.8687109928289632e-09,-2.2651257650158145e-04,
-1.8281072571866078e-04,-4.1558308594538953e-03,8.3374890387903741e-04,4.3021103119163766e-15,-1.2555860854395583e-08,-2.2634558787117790e-04,
-1.8068361279925381e-04,-4.0504093544545894e-03,8.3375976146373137e-04,4.2412848416206801e-15,4.5882502659090918e-09,1.4243693783025038e-04,
-1.7953992048054383e-04,-4.2807670908170175e-03,8.3374907094374031e-04,2.1577797364697096e-15,1.7145220386757593e-08,3.6878217808702810e-04,
-1.7958984525323491e-04,-5.0405898334771543e-03,8.3369895294595773e-04,1.2810901074799971e-15,1.7750293685811943e-08,3.6875451061863966e-04,
-1.8100259652052732e-04,-5.5183375481533299e-03,8.3365580846155789e-04,1.9793984395096205e-15,8.8752082261335160e-09,1.4224162565621248e-04,
-1.8303662724290849e-04,-4.8371150939918329e-03,8.3369869224010520e-04,1.5517327320234538e-15,-8.8687082757849472e-09,-2.2651257650040620e-04,
-1.8281071617694871e-04,-4.1558308597856508e-03,8.3374890449642355e-04,2.1447791301594874e-15,-1.2555866367192646e-08,-2.2634558787173423e-04,
-1.8068360526208208e-04,-4.0504093601136234e-03,8.3375976183408334e-04,2.3437462936058739e-15,4.5882495773283397e-09,1.4243693782903642e-04,

