1
1
6
0
(24 0
((0,0,0) (3,3,3) (0,0,0))
((20,0,0) (23,3,3) (0,0,0))
((16,0,0) (19,3,3) (0,0,0))
((12,0,0) (15,3,3) (0,0,0))
((8,0,0) (11,3,3) (0,0,0))
((4,0,0) (7,3,3) (0,0,0))
((0,4,0) (3,7,3) (0,0,0))
((20,4,0) (23,7,3) (0,0,0))
((16,4,0) (19,7,3) (0,0,0))
((12,4,0) (15,7,3) (0,0,0))
((8,4,0) (11,7,3) (0,0,0))
((4,4,0) (7,7,3) (0,0,0))
((0,0,4) (3,3,7) (0,0,0))
((20,0,4) (23,3,7) (0,0,0))
((16,0,4) (19,3,7) (0,0,0))
((12,0,4) (15,3,7) (0,0,0))
((8,0,4) (11,3,7) (0,0,0))
((4,0,4) (7,3,7) (0,0,0))
((0,4,4) (3,7,7) (0,0,0))
((20,4,4) (23,7,7) (0,0,0))
((16,4,4) (19,7,7) (0,0,0))
((12,4,4) (15,7,7) (0,0,0))
((8,4,4) (11,7,7) (0,0,0))
((4,4,4) (7,7,7) (0,0,0))
)
24
FabOnDisk: Cell_D_00000 0
FabOnDisk: Cell_D_00002 0
FabOnDisk: Cell_D_00002 3160
FabOnDisk: Cell_D_00001 0
FabOnDisk: Cell_D_00001 3160
FabOnDisk: Cell_D_00000 3158
FabOnDisk: Cell_D_00000 6316
FabOnDisk: Cell_D_00003 0
FabOnDisk: Cell_D_00003 3160
FabOnDisk: Cell_D_00001 6319
FabOnDisk: Cell_D_00001 9479
FabOnDisk: Cell_D_00000 9474
FabOnDisk: Cell_D_00000 12632
FabOnDisk: Cell_D_00003 6320
FabOnDisk: Cell_D_00003 9480
FabOnDisk: Cell_D_00002 6320
FabOnDisk: Cell_D_00002 9480
FabOnDisk: Cell_D_00000 15790
FabOnDisk: Cell_D_00001 12638
FabOnDisk: Cell_D_00003 12640
FabOnDisk: Cell_D_00003 15800
FabOnDisk: Cell_D_00002 12639
FabOnDisk: Cell_D_00002 15799
FabOnDisk: Cell_D_00001 15796

24,6
-2.1391763652259038e-04,-5.6773115463256384e-03,9.7878966330599377e-04,-4.7339727375746323e-15,-1.9415903292687824e-07,4.4405417587125353e-06,
-2.1006635583099893e-04,-6.2034629462375404e-03,9.7033174913643751e-04,-3.9356813628388120e-15,2.9660113595528877e-07,6.3087157249298585e-06,
-2.1456683368900728e-04,-6.2919818201082551e-03,9.7076279645016647e-04,-3.4354909481150231e-15,-3.2025899466240636e-06,-2.8914057690600606e-06,
-2.1630791483735182e-04,-6.1117847174674052e-03,9.7823480164098029e-04,-3.1513167699383828e-15,-5.7416742122571565e-08,-7.5751348854125465e-06,
-2.1626271066078518e-04,-5.5156377660941424e-03,9.7834517141170757e-04,-4.5596300061207878e-15,-5.9465812687646332e-08,-7.5866020095032675e-06,
-2.1416198876375226e-04,-5.1493803253022438e-03,9.7843957820639726e-04,-4.2756628899433787e-15,-3.2029200767778683e-06,-2.9658697523850394e-06,
-2.1391763471497133e-04,-5.6773115457271726e-03,9.7878966311621763e-04,-1.4509626539526006e-14,-1.9415903109116146e-07,4.4405417632631148e-06,
-2.1006636065097072e-04,-6.2034629464150790e-03,9.7033174874573181e-04,-1.3157377471874324e-14,2.9660113630951387e-07,6.3087157264358136e-06,
-2.1456683346823995e-04,-6.2919818185310974e-03,9.7076279625158020e-04,-1.1870940106776584e-14,-3.2025899434791400e-06,-2.8914057718508216e-06,
-2.1630790748695551e-04,-6.1117847160574706e-03,9.7823480066548934e-04,-1.1831302356109566e-14,-5.7416746756979424e-08,-7.5751348859992760e-06,
-2.1626269726353009e-04,-5.5156377676948316e-03,9.7834516981860540e-04,-1.5019380438307082e-14,-5.9465812192051292e-08,-7.5866020157729783e-06,
-2.1416199141840322e-04,-5.1493803246990310e-03,9.7843957859535436e-04,-1.3850525949903840e-14,-3.2029200816815034e-06,-2.9658697637193338e-06,
-2.1391763528906123e-04,-5.6773115467708699e-03,9.7878966480609807e-04,-9.7435239858509682e-15,-1.9415902750147617e-07,4.4405417586441933e-06,
-2.1006636098439273e-04,-6.2034629468900419e-03,9.7033175012312491e-04,-9.0378460744204939e-15,2.9660113065895353e-07,6.3087157257234471e-06,
-2.1456683352978265e-04,-6.2919818203533992e-03,9.7076279556868430e-04,-7.4539730361904236e-15,-3.2025899475147619e-06,-2.8914057722739670e-06,
-2.1630790797471993e-04,-6.1117847180214378e-03,9.7823480338642783e-04,-7.0093306123206305e-15,-5.7416748845232429e-08,-7.5751348767588174e-06,
-2.1626269565284723e-04,-5.5156377679072563e-03,9.7834517006742589e-04,-9.9741546371075016e-15,-5.9465805944806806e-08,-7.5866020070325232e-06,
-2.1416199095957794e-04,-5.1493803260504257e-03,9.7843957865098412e-04,-9.4220989985062682e-15,-3.2029200774819763e-06,-2.9658697573856161e-06,
-2.1391763403221591e-04,-5.6773115448254989e-03,9.7878966521576082e-04,-1.7732077884737692e-14,-1.9415902663954582e-07,4.4405417624428870e-06,
-2.1006636729350994e-04,-6.2034629451592884e-03,9.7033175094428414e-04,-1.6642287546027488e-14,2.9660113157052150e-07,6.3087157288415786e-06,
-2.1456682318902985e-04,-6.2919818189278061e-03,9.7076279746156327e-04,-1.4984550346050539e-14,-3.2025899406717534e-06,-2.8914057760633578e-06,
-2.1630791019377848e-04,-6.1117847164202255e-03,9.7823480311834085e-04,-1.5872068349154566e-14,-5.7416749174676881e-08,-7.5751348851729581e-06,
-2.1626268972642595e-04,-5.5156377648064320e-03,9.7834517321507925e-04,-1.7369953406566915e-14,-5.9465807812865193e-08,-7.5866020196075134e-06,
-2.1416200092586401e-04,-5.1493803244514330e-03,9.7843957867608101e-04,-1.9054324101150982e-14,-3.2029200823048798e-06,-2.9658697620864321e-06,

24,6
-2.1091218010449976e-04,-5.2479613019746222e-03,9.8632448857220983e-04,1.6174301809833000e-14,2.4467409308697269e-06,8.4415508063688001e-06,
-2.0703606850334711e-04,-5.8362284599795073e-03,9.7786403509973426e-04,1.6325642527660764e-14,2.4463212079559501e-06,7.9510312502272482e-06,
-2.1014549781427091e-04,-6.2100042847485605e-03,9.7821825804349119e-04,1.5735059158259316e-14,-2.0597162601789524e-08,2.7816898337838086e-06,
-2.1523815764958970e-04,-5.6752870974267232e-03,9.7831413803986717e-04,1.6958731322914155e-14,-2.9707640879240397e-08,-4.6204519658146477e-06,
-2.1491758555766691e-04,-5.1414172391498906e-03,9.7842358464212569e-04,1.5946027880765845e-14,-4.2120771932450708e-08,-4.6891637958894075e-06,
-2.1220617732605916e-04,-5.0592360689504234e-03,9.8589364990451763e-04,1.7332794088962970e-14,-2.0750107584565043e-08,7.2192074746577728e-07,
-2.1091217526733559e-04,-5.2479613034154575e-03,9.8632448879903403e-04,9.6511710819175181e-15,2.4467409341304281e-06,8.4415508120543495e-06,
-2.0703607011919906e-04,-5.8362284603333224e-03,9.7786403664084157e-04,8.3660837288089523e-15,2.4463212029520128e-06,7.9510312586284022e-06,
-2.1014550581527697e-04,-6.2100042868491433e-03,9.7821825565855974e-04,7.8824477473134345e-15,-2.0597165450030374e-08,2.7816898383441814e-06,
-2.1523816040868886e-04,-5.6752871022368650e-03,9.7831413445803811e-04,7.2377016469822439e-15,-2.9707640532567335e-08,-4.6204519687911503e-06,
-2.1491758581453042e-04,-5.1414172396786733e-03,9.7842358409833976e-04,1.1106302706276364e-14,-4.2120773605810366e-08,-4.6891638071332159e-06,
-2.1220617323320349e-04,-5.0592360664971628e-03,9.8589365231670483e-04,8.8786594751558110e-15,-2.0750096926644119e-08,7.2192074410199557e-07,
-2.1091217547489295e-04,-5.2479613013812886e-03,9.8632448755203283e-04,9.2119094997134868e-15,2.4467409332299910e-06,8.4415508085039313e-06,
-2.0703606984500076e-04,-5.8362284582758051e-03,9.7786403489962892e-04,8.1825831073883639e-15,2.4463211976654946e-06,7.9510312540780395e-06,
-2.1014550629192970e-04,-6.2100042868206808e-03,9.7821825649772073e-04,7.3276569731327080e-15,-2.0597167364750803e-08,2.7816898322015451e-06,
-2.1523816155469275e-04,-5.6752871013766174e-03,9.7831413399182576e-04,8.8123886487586483e-15,-2.9707638233248426e-08,-4.6204519665543328e-06,
-2.1491758535113151e-04,-5.1414172394129813e-03,9.7842358468341602e-04,9.7797115565893285e-15,-4.2120769014219651e-08,-4.6891637944932702e-06,
-2.1220617485011190e-04,-5.0592360650508232e-03,9.8589365052434061e-04,9.8645666959106948e-15,-2.0750098900133240e-08,7.2192074794612162e-07,
-2.1091217053268680e-04,-5.2479613021009335e-03,9.8632448844972707e-04,3.4594714051796772e-15,2.4467409388539289e-06,8.4415508128724800e-06,
-2.0703607080521888e-04,-5.8362284602157559e-03,9.7786403461816982e-04,1.1338117904782896e-15,2.4463211897285829e-06,7.9510312607013052e-06,
-2.1014550947629556e-04,-6.2100042854763083e-03,9.7821825773286987e-04,1.5823568578096996e-15,-2.0597169828644911e-08,2.7816898379144401e-06,
-2.1523817762839940e-04,-5.6752871057042737e-03,9.7831413017402573e-04,9.3121785091412587e-16,-2.9707634997986493e-08,-4.6204519645372593e-06,
-2.1491757640466498e-04,-5.1414172390554184e-03,9.7842358531140716e-04,4.3047205132196863e-15,-4.2120776052878988e-08,-4.6891637993533877e-06,
-2.1220616767505512e-04,-5.0592360698464185e-03,9.8589365041705859e-04,2.3430457156975369e-15,-2.0750088878398857e-08,7.2192074738353970e-07,

