1
1
6
0
(24 0
((0,0,0) (3,3,3) (0,0,0))
((20,0,0) (23,3,3) (0,0,0))
((16,0,0) (19,3,3) (0,0,0))
((12,0,0) (15,3,3) (0,0,0))
((8,0,0) (11,3,3) (0,0,0))
((4,0,0) (7,3,3) (0,0,0))
((0,4,0) (3,7,3) (0,0,0))
((20,4,0) (23,7,3) (0,0,0))
((16,4,0) (19,7,3) (0,0,0))
((12,4,0) (15,7,3) (0,0,0))
((8,4,0) (11,7,3) (0,0,0))
((4,4,0) (7,7,3) (0,0,0))
((0,0,4) (3,3,7) (0,0,0))
((20,0,4) (23,3,7) (0,0,0))
((16,0,4) (19,3,7) (0,0,0))
((12,0,4) (15,3,7) (0,0,0))
((8,0,4) (11,3,7) (0,0,0))
((4,0,4) (7,3,7) (0,0,0))
((0,4,4) (3,7,7) (0,0,0))
((20,4,4) (23,7,7) (0,0,0))
((16,4,4) (19,7,7) (0,0,0))
((12,4,4) (15,7,7) (0,0,0))
((8,4,4) (11,7,7) (0,0,0))
((4,4,4) (7,7,7) (0,0,0))
)
24
FabOnDisk: Cell_D_00000 0
FabOnDisk: Cell_D_00000 3158
FabOnDisk: Cell_D_00000 6318
FabOnDisk: Cell_D_00000 9478
FabOnDisk: Cell_D_00000 12638
FabOnDisk: Cell_D_00000 15797
FabOnDisk: Cell_D_00000 18955
FabOnDisk: Cell_D_00000 22113
FabOnDisk: Cell_D_00000 25273
FabOnDisk: Cell_D_00000 28433
FabOnDisk: Cell_D_00000 31593
FabOnDisk: Cell_D_00000 34752
FabOnDisk: Cell_D_00000 37910
FabOnDisk: Cell_D_00000 41068
FabOnDisk: Cell_D_00000 44228
FabOnDisk: Cell_D_00000 47388
FabOnDisk: Cell_D_00000 50548
FabOnDisk: Cell_D_00000 53707
FabOnDisk: Cell_D_00000 56865
FabOnDisk: Cell_D_00000 60023
FabOnDisk: Cell_D_00000 63183
FabOnDisk: Cell_D_00000 66343
FabOnDisk: Cell_D_00000 69503
FabOnDisk: Cell_D_00000 72662

24,6
-1.9668031080424209e-04,-5.2843970504033470e-03,9.0418670317326860e-04,-4.3897612937367954e-16,-1.1661596020621766e-06,-2.2606529250532211e-04,
-1.9433834082319061e-04,-5.2415083631051794e-03,9.0216322697107951e-04,-3.0914832990501228e-16,-1.1728811735036287e-06,-2.2726358981933195e-04,
-1.9893711898525497e-04,-5.2118590536155739e-03,9.0094144085718620e-04,3.2822925049242413e-16,-4.6238445316760055e-06,-8.8029679440447515e-05,
-2.0355587836887412e-04,-5.2549283838765493e-03,9.0441646893314428e-04,-1.7974842575803295e-15,-2.0960956287250699e-06,1.4100457684723788e-04,
-2.0023591171904506e-04,-5.2921339761063469e-03,9.0511011262244076e-04,-3.7765395126262889e-15,-5.4289338402161168e-07,1.4053397254743810e-04,
-1.9857028280209602e-04,-5.3017570300368981e-03,9.0496275971123136e-04,-4.1655883641812880e-15,-4.6109634192661013e-06,-8.9000462650536935e-05,
-1.9668031128662960e-04,-5.2843970493674577e-03,9.0418670253615508e-04,-3.6845424247928160e-15,-1.1661596019887170e-06,-2.2606529250341893e-04,
-1.9433833928662257e-04,-5.2415083636012201e-03,9.0216322743653346e-04,-3.9300535482762421e-15,-1.1728811763806112e-06,-2.2726358981716373e-04,
-1.9893711449085587e-04,-5.2118590523676346e-03,9.0094144080436170e-04,-4.6083632723604304e-15,-4.6238445356461675e-06,-8.8029679437597134e-05,
-2.0355588220231197e-04,-5.2549283860398085e-03,9.0441646851906849e-04,-5.5523837303337771e-15,-2.0960956299462102e-06,1.4100457683674156e-04,
-2.0023591119178803e-04,-5.2921339708822453e-03,9.0511011561700532e-04,-8.8067212448147552e-15,-5.4289337655574872e-07,1.4053397253506296e-04,
-1.9857029133356485e-04,-5.3017570300544336e-03,9.0496276108751629e-04,-5.5431544264772637e-15,-4.6109634298153054e-06,-8.9000462651834156e-05,
-1.9668031140395066e-04,-5.2843970495603035e-03,9.0418670321063563e-04,-5.2435869773091744e-15,-1.1661596022162462e-06,-2.2606529250727370e-04,
-1.9433833913689059e-04,-5.2415083630002702e-03,9.0216322788990062e-04,-4.4390330012919153e-15,-1.1728811811792030e-06,-2.2726358982142297e-04,
-1.9893711392181810e-04,-5.2118590524873869e-03,9.0094144107575572e-04,-6.4857364220875186e-15,-4.6238445292918416e-06,-8.8029679439387816e-05,
-2.0355588163912904e-04,-5.2549283851001608e-03,9.0441646816348564e-04,-8.0407240836163454e-15,-2.0960956259493129e-06,1.4100457684550216e-04,
-2.0023591127269383e-04,-5.2921339710864934e-03,9.0511011586597826e-04,-8.5511916333601883e-15,-5.4289339056474585e-07,1.4053397252366303e-04,
-1.9857029174455461e-04,-5.3017570295272728e-03,9.0496276101624767e-04,-8.2120336085359992e-15,-4.6109634319223041e-06,-8.9000462649973258e-05,
-1.9668031109359844e-04,-5.2843970494632388e-03,9.0418670351774966e-04,-1.1270582913244536e-14,-1.1661596007645933e-06,-2.2606529250733710e-04,
-1.9433834047535950e-04,-5.2415083633683196e-03,9.0216322785931680e-04,-7.3132928143718116e-15,-1.1728811803978380e-06,-2.2726358981869162e-04,
-1.9893710702706985e-04,-5.2118590522605025e-03,9.0094144087729414e-04,-6.8102779373353472e-15,-4.6238445376776829e-06,-8.8029679439397478e-05,
-2.0355587920517696e-04,-5.2549283845819486e-03,9.0441646846998070e-04,-1.4433574392654485e-14,-2.0960956258945822e-06,1.4100457684078431e-04,
-2.0023591032606946e-04,-5.2921339716507114e-03,9.0511011585936755e-04,-1.3752870528613049e-14,-5.4289339195291808e-07,1.4053397252857954e-04,
-1.9857029062708839e-04,-5.3017570301993350e-03,9.0496276068291535e-04,-1.4999929689074055e-14,-4.6109634247450068e-06,-8.9000462651220348e-05,

24,6
-1.9394998680135890e-04,-5.2565453604980321e-03,9.0878151636890954e-04,6.8011007657988194e-15,5.4208639435214396e-06,-1.4243791090321818e-04,
-1.9137083543899994e-04,-5.2170180013221658e-03,9.0676128230942005e-04,4.5087250468559731e-15,5.4166456056476635e-06,-1.4219216509740962e-04,
-1.9439741576128848e-04,-5.2065138683649098e-03,9.0599376961128715e-04,5.0483824554014897e-15,1.0910632712215111e-06,8.5802276991617146e-05,
-1.9975313475482226e-04,-5.2194661472772207e-03,9.0571330131163682e-04,7.7013145688409926e-15,3.8195085352909746e-07,2.2622038375650066e-04,
-1.9839060332541665e-04,-5.2673579550854459e-03,9.0669787854353592e-04,7.6390555634508302e-15,-1.5330142591827290e-07,2.3044770621351708e-04,
-1.9589605258885342e-04,-5.2916274359763576e-03,9.1003290113027236e-04,1.2214000711459550e-14,1.1011196889632878e-06,8.6264277014235985e-05,
-1.9394998652274632e-04,-5.2565453604211873e-03,9.0878151645734304e-04,4.8708270181001650e-15,5.4208639438475719e-06,-1.4243791089477232e-04,
-1.9137083670062519e-04,-5.2170180027579244e-03,9.0676128227447405e-04,3.5409733351872127e-15,5.4166456078903569e-06,-1.4219216509275787e-04,
-1.9439741748830948e-04,-5.2065138680489212e-03,9.0599376935742045e-04,5.4127412680818021e-15,1.0910632717830869e-06,8.5802276983254559e-05,
-1.9975314460260308e-04,-5.2194661494673524e-03,9.0571330065781748e-04,4.4418170955975233e-15,3.8195085072395611e-07,2.2622038375094024e-04,
-1.9839060061625210e-04,-5.2673579528014786e-03,9.0669788068734720e-04,7.8889595825197822e-15,-1.5330142650915104e-07,2.3044770621729327e-04,
-1.9589605396485500e-04,-5.2916274382252869e-03,9.1003290228451909e-04,8.7606912711084306e-15,1.1011196899616209e-06,8.6264277017664476e-05,
-1.9394998655215302e-04,-5.2565453605751119e-03,9.0878151680568115e-04,3.0908830855022797e-15,5.4208639466078651e-06,-1.4243791090098477e-04,
-1.9137083651156811e-04,-5.2170180028290412e-03,9.0676128289147843e-04,3.6893696338042481e-15,5.4166456063351341e-06,-1.4219216509461200e-04,
-1.9439741717905285e-04,-5.2065138677737603e-03,9.0599376987991916e-04,4.6865410380806537e-15,1.0910632783822941e-06,8.5802276989055285e-05,
-1.9975314545193093e-04,-5.2194661495047184e-03,9.0571330160700645e-04,4.2936568401527529e-15,3.8195085172763488e-07,2.2622038376774801e-04,
-1.9839060035141051e-04,-5.2673579533438399e-03,9.0669788187398913e-04,6.4899387404857546e-15,-1.5330143056890489e-07,2.3044770621957725e-04,
-1.9589605462037879e-04,-5.2916274372576686e-03,9.1003290077855317e-04,7.7984089139677793e-15,1.1011196939011739e-06,8.6264277007034240e-05,
-1.9394998586551293e-04,-5.2565453601628419e-03,9.0878151703654140e-04,3.2475415506936233e-15,5.4208639447101682e-06,-1.4243791089549502e-04,
-1.9137083661550030e-04,-5.2170180030895481e-03,9.0676128279392973e-04,1.8728003553468009e-15,5.4166456088788613e-06,-1.4219216509038339e-04,
-1.9439741528592966e-04,-5.2065138680378190e-03,9.0599376983517576e-04,1.4814495006776979e-15,1.0910632785795510e-06,8.5802276983557797e-05,
-1.9975315405563202e-04,-5.2194661494710977e-03,9.0571330149151735e-04,4.9213112174895678e-15,3.8195085340073354e-07,2.2622038375662466e-04,
-1.9839060074176639e-04,-5.2673579539540376e-03,9.0669788038535612e-04,5.8654447587118549e-15,-1.5330143068181232e-07,2.3044770621097541e-04,
-1.9589605732766563e-04,-5.2916274386351552e-03,9.1003290067987114e-04,7.6665592941444951e-15,1.1011196897344761e-06,8.6264277019368666e-05,

