1
1
6
0
(24 0
((0,0,0) (3,3,3) (0,0,0))
((20,0,0) (23,3,3) (0,0,0))
((16,0,0) (19,3,3) (0,0,0))
((12,0,0) (15,3,3) (0,0,0))
((8,0,0) (11,3,3) (0,0,0))
((4,0,0) (7,3,3) (0,0,0))
((0,4,0) (3,7,3) (0,0,0))
((20,4,0) (23,7,3) (0,0,0))
((16,4,0) (19,7,3) (0,0,0))
((12,4,0) (15,7,3) (0,0,0))
((8,4,0) (11,7,3) (0,0,0))
((4,4,0) (7,7,3) (0,0,0))
((0,0,4) (3,3,7) (0,0,0))
((20,0,4) (23,3,7) (0,0,0))
((16,0,4) (19,3,7) (0,0,0))
((12,0,4) (15,3,7) (0,0,0))
((8,0,4) (11,3,7) (0,0,0))
((4,0,4) (7,3,7) (0,0,0))
((0,4,4) (3,7,7) (0,0,0))
((20,4,4) (23,7,7) (0,0,0))
((16,4,4) (19,7,7) (0,0,0))
((12,4,4) (15,7,7) (0,0,0))
((8,4,4) (11,7,7) (0,0,0))
((4,4,4) (7,7,7) (0,0,0))
)
24
FabOnDisk: Cell_D_00000 0
FabOnDisk: Cell_D_00002 0
FabOnDisk: Cell_D_00002 3160
FabOnDisk: Cell_D_00001 0
FabOnDisk: Cell_D_00001 3160
FabOnDisk: Cell_D_00000 3158
FabOnDisk: Cell_D_00000 6316
FabOnDisk: Cell_D_00003 0
FabOnDisk: Cell_D_00003 3160
FabOnDisk: Cell_D_00001 6319
FabOnDisk: Cell_D_00001 9479
FabOnDisk: Cell_D_00000 9474
FabOnDisk: Cell_D_00000 12632
FabOnDisk: Cell_D_00003 6320
FabOnDisk: Cell_D_00003 9480
FabOnDisk: Cell_D_00002 6320
FabOnDisk: Cell_D_00002 9480
FabOnDisk: Cell_D_00000 15790
FabOnDisk: Cell_D_00001 12638
FabOnDisk: Cell_D_00003 12640
FabOnDisk: Cell_D_00003 15800
FabOnDisk: Cell_D_00002 12639
FabOnDisk: Cell_D_00002 15799
FabOnDisk: Cell_D_00001 15796

24,6
-1.9668031237685392e-04,-5.2843970522199538e-03,9.0418670018922254e-04,-4.5086040718155026e-15,-1.1661596155597629e-06,-2.2606529252303971e-04,
-1.9433834617659391e-04,-5.2415083663812714e-03,9.0216322413696343e-04,-3.5799844993900490e-15,-1.1728811766062688e-06,-2.2726358986296293e-04,
-1.9893711673197879e-04,-5.2118590554393546e-03,9.0094143763470164e-04,-4.9861658946361405e-16,-4.6238445310792124e-06,-8.8029679458341458e-05,
-2.0355587732657566e-04,-5.2549283873234275e-03,9.0441646599851420e-04,-3.7033307482472213e-15,-2.0960956276976388e-06,1.4100457685290571e-04,
-2.0023590781565243e-04,-5.2921339792833299e-03,9.0511010947261683e-04,-4.8756401474000687e-15,-5.4289339612390207e-07,1.4053397255833346e-04,
-1.9857028135726167e-04,-5.3017570319007319e-03,9.0496275700560028e-04,-9.5293889110811033e-15,-4.6109634397479864e-06,-8.9000462655422770e-05,
-1.9668031100283210e-04,-5.2843970524415326e-03,9.0418670009466374e-04,-3.0018940898796803e-14,-1.1661596096927549e-06,-2.2606529251052303e-04,
-1.9433834239626521e-04,-5.2415083664164664e-03,9.0216322438284443e-04,-2.6479473483883740e-14,-1.1728811797610702e-06,-2.2726358981472924e-04,
-1.9893711681098983e-04,-5.2118590556641522e-03,9.0094143740360037e-04,-2.5797334514051460e-14,-4.6238445462161070e-06,-8.8029679436169754e-05,
-2.0355588017806884e-04,-5.2549283865131200e-03,9.0441646620862954e-04,-2.8715410903777059e-14,-2.0960956332525698e-06,1.4100457682631579e-04,
-2.0023591177854906e-04,-5.2921339747357948e-03,9.0511011182408134e-04,-3.2370220919959039e-14,-5.4289340019508599e-07,1.4053397250438237e-04,
-1.9857028350390567e-04,-5.3017570321363299e-03,9.0496275691907097e-04,-3.5774999351776546e-14,-4.6109634404735184e-06,-8.9000462658537304e-05,
-1.9668031107955385e-04,-5.2843970525457817e-03,9.0418670037290384e-04,-1.7794140377050347e-14,-1.1661596175676339e-06,-2.2606529252079146e-04,
-1.9433834259400775e-04,-5.2415083667108871e-03,9.0216322469316012e-04,-1.5004581841785550e-14,-1.1728811968939664e-06,-2.2726358985983663e-04,
-1.9893711687860765e-04,-5.2118590560474394e-03,9.0094143801585801e-04,-1.0636570690093724e-14,-4.6238445313734352e-06,-8.8029679457907385e-05,
-2.0355587991336603e-04,-5.2549283868139115e-03,9.0441646531549491e-04,-1.6662322590520937e-14,-2.0960956294102416e-06,1.4100457684704807e-04,
-2.0023591014421550e-04,-5.2921339744123191e-03,9.0511011231572452e-04,-1.7304124076596654e-14,-5.4289339794370916e-07,1.4053397252646534e-04,
-1.9857028274269269e-04,-5.3017570327811674e-03,9.0496275714322977e-04,-2.4211808072775916e-14,-4.6109634337526788e-06,-8.9000462651009444e-05,
-1.9668031079523375e-04,-5.2843970522903272e-03,9.0418670071069527e-04,-4.4271041041595069e-14,-1.1661596082322003e-06,-2.2606529250914924e-04,
-1.9433834078812849e-04,-5.2415083668186082e-03,9.0216322514815597e-04,-3.8279017502956807e-14,-1.1728812024741744e-06,-2.2726358981535350e-04,
-1.9893710679238260e-04,-5.2118590551341049e-03,9.0094143786541238e-04,-3.6885662696697440e-14,-4.6238445505646835e-06,-8.8029679430067797e-05,
-2.0355587916435691e-04,-5.2549283882464253e-03,9.0441646511208937e-04,-4.0853826599597545e-14,-2.0960956309556045e-06,1.4100457682296406e-04,
-2.0023590962526345e-04,-5.2921339750935789e-03,9.0511011365866439e-04,-4.2297307743801517e-14,-5.4289340555389711e-07,1.4053397250062975e-04,
-1.9857029108970675e-04,-5.3017570324467205e-03,9.0496275676809712e-04,-5.1484968461268441e-14,-4.6109634280020925e-06,-8.9000462656155813e-05,

24,6
-1.9394998935697835e-04,-5.2565453567973595e-03,9.0878151968795445e-04,4.1402584560999267e-14,5.4208639661121599e-06,-1.4243791090934750e-04,
-1.9137083220238001e-04,-5.2170179997677738e-03,9.0676128552241839e-04,3.7060973940796112e-14,5.4166456133573523e-06,-1.4219216509429690e-04,
-1.9439740658489481e-04,-5.2065138654209244e-03,9.0599377263891391e-04,3.5387677124399657e-14,1.0910632871013174e-06,8.5802276997627326e-05,
-1.9975313580482048e-04,-5.2194661474063587e-03,9.0571330360386855e-04,4.1427474266771371e-14,3.8195085446674504e-07,2.2622038379850251e-04,
-1.9839059370354550e-04,-5.2673579519323284e-03,9.0669788179935352e-04,3.8344689244544538e-14,-1.5330141807715323e-07,2.3044770624059614e-04,
-1.9589606268273442e-04,-5.2916274351263197e-03,9.1003290330109090e-04,4.5376158159924549e-14,1.1011197027256964e-06,8.6264277029582257e-05,
-1.9394998506166002e-04,-5.2565453574621914e-03,9.0878151970246400e-04,2.4616339953390954e-14,5.4208639589811004e-06,-1.4243791089226144e-04,
-1.9137083424564994e-04,-5.2170179999801152e-03,9.0676128563621603e-04,1.7207434438554246e-14,5.4166456261450595e-06,-1.4219216506720396e-04,
-1.9439741425052951e-04,-5.2065138652412149e-03,9.0599377251129388e-04,1.3802609116730144e-14,1.0910632887876765e-06,8.5802276987745812e-05,
-1.9975313844696746e-04,-5.2194661466433102e-03,9.0571330411671699e-04,2.1360210928369464e-14,3.8195084521370154e-07,2.2622038374121124e-04,
-1.9839060378066054e-04,-5.2673579515817087e-03,9.0669788122227119e-04,2.1323627491037033e-14,-1.5330141932510322e-07,2.3044770620969749e-04,
-1.9589605901308618e-04,-5.2916274358018097e-03,9.1003290324636189e-04,2.7686851065946713e-14,1.1011196995142453e-06,8.6264277011381254e-05,
-1.9394998529785793e-04,-5.2565453570344823e-03,9.0878152010581345e-04,2.2192982439923267e-14,5.4208639607943981e-06,-1.4243791090518226e-04,
-1.9137083402508481e-04,-5.2170179997931675e-03,9.0676128586163933e-04,1.8705496803792916e-14,5.4166456146442783e-06,-1.4219216509416099e-04,
-1.9439741459731244e-04,-5.2065138653604711e-03,9.0599377356921727e-04,1.7258234936970834e-14,1.0910632895695618e-06,8.5802276997451590e-05,
-1.9975313934724094e-04,-5.2194661465422851e-03,9.0571330422138923e-04,2.3682234129348483e-14,3.8195086040869038e-07,2.2622038379606084e-04,
-1.9839060122623986e-04,-5.2673579530488346e-03,9.0669788116816592e-04,2.1220231626919565e-14,-1.5330142215942240e-07,2.3044770624498415e-04,
-1.9589606052607139e-04,-5.2916274350991426e-03,9.1003290317963532e-04,2.5724177781246942e-14,1.1011197026971382e-06,8.6264277023022793e-05,
-1.9394998046222967e-04,-5.2565453569430910e-03,9.0878152059467349e-04,3.4092876127752350e-15,5.4208639549977163e-06,-1.4243791089110533e-04,
-1.9137083525338355e-04,-5.2170179994019518e-03,9.0676128633881091e-04,-2.3304100728492768e-15,5.4166456254789215e-06,-1.4219216506403996e-04,
-1.9439741707069530e-04,-5.2065138649685962e-03,9.0599377273301322e-04,-2.9636345834332110e-15,1.0910632923314995e-06,8.5802276986499020e-05,
-1.9975315458451245e-04,-5.2194661465683944e-03,9.0571330429320732e-04,-1.0867613458170724e-15,3.8195085919226382e-07,2.2622038373495341e-04,
-1.9839060040125432e-04,-5.2673579521774405e-03,9.0669788152314250e-04,8.6041912946337947e-15,-1.5330142977581497e-07,2.3044770620047890e-04,
-1.9589605402609158e-04,-5.2916274355433142e-03,9.1003290422588228e-04,7.1380498421651606e-15,1.1011197002566703e-06,8.6264277016624848e-05,

